pos/00000143_008.jpg 1 0 0 100 100
pos/00001992_005.jpg 1 0 0 100 100
pos/00000030_000.jpg 1 0 0 100 100
pos/00001734_005.jpg 1 0 0 100 100
pos/00000697_007.jpg 1 0 0 100 100
pos/00002080_000.jpg 1 0 0 100 100
pos/00001684_023.jpg 1 0 0 100 100
pos/00002189_000.jpg 1 0 0 100 100
pos/00002243_006.jpg 1 0 0 100 100
pos/00001199_004.jpg 1 0 0 100 100
pos/00000955_002.jpg 1 0 0 100 100
pos/00002002_000.jpg 1 0 0 100 100
pos/00000368_004.jpg 1 0 0 100 100
pos/00000270_001.jpg 1 0 0 100 100
pos/00000963_012.jpg 1 0 0 100 100
pos/00001101_012.jpg 1 0 0 100 100
pos/00002120_002.jpg 1 0 0 100 100
pos/00002156_001.jpg 1 0 0 100 100
pos/00001796_009.jpg 1 0 0 100 100
pos/00001460_002.jpg 1 0 0 100 100
pos/00000324_016.jpg 1 0 0 100 100
pos/00001900_010.jpg 1 0 0 100 100
pos/00001895_001.jpg 1 0 0 100 100
pos/00000314_000.jpg 1 0 0 100 100
pos/00002066_012.jpg 1 0 0 100 100
pos/00002022_005.jpg 1 0 0 100 100
pos/00000963_011.jpg 1 0 0 100 100
pos/00000451_000.jpg 1 0 0 100 100
pos/00001917_004.jpg 1 0 0 100 100
pos/00000827_014.jpg 1 0 0 100 100
pos/00000468_028.jpg 1 0 0 100 100
pos/00000627_011.jpg 1 0 0 100 100
pos/00001796_006.jpg 1 0 0 100 100
pos/00002290_006.jpg 1 0 0 100 100
pos/00002059_010.jpg 1 0 0 100 100
pos/00000830_003.jpg 1 0 0 100 100
pos/00000583_031.jpg 1 0 0 100 100
pos/00000707_003.jpg 1 0 0 100 100
pos/00002321_000.jpg 1 0 0 100 100
pos/00001836_108.jpg 1 0 0 100 100
pos/00001846_000.jpg 1 0 0 100 100
pos/00001088_015.jpg 1 0 0 100 100
pos/00000720_005.jpg 1 0 0 100 100
pos/00000066_000.jpg 1 0 0 100 100
pos/00001089_003.jpg 1 0 0 100 100
pos/00001796_002.jpg 1 0 0 100 100
pos/00001385_009.jpg 1 0 0 100 100
pos/00001989_000.jpg 1 0 0 100 100
pos/00001320_003.jpg 1 0 0 100 100
pos/00000583_056.jpg 1 0 0 100 100
pos/00002208_013.jpg 1 0 0 100 100
pos/00001803_010.jpg 1 0 0 100 100
pos/00002210_002.jpg 1 0 0 100 100
pos/00002072_000.jpg 1 0 0 100 100
pos/00000181_040.jpg 1 0 0 100 100
pos/00001941_007.jpg 1 0 0 100 100
pos/00000761_010.jpg 1 0 0 100 100
pos/00000441_000.jpg 1 0 0 100 100
pos/00001836_117.jpg 1 0 0 100 100
pos/00001122_006.jpg 1 0 0 100 100
pos/00000823_002.jpg 1 0 0 100 100
pos/00001512_003.jpg 1 0 0 100 100
pos/00002064_005.jpg 1 0 0 100 100
pos/00000305_001.jpg 1 0 0 100 100
pos/00000506_024.jpg 1 0 0 100 100
pos/00000251_003.jpg 1 0 0 100 100
pos/00000934_000.jpg 1 0 0 100 100
pos/00000149_002.jpg 1 0 0 100 100
pos/00001606_001.jpg 1 0 0 100 100
pos/00000143_009.jpg 1 0 0 100 100
pos/00001796_010.jpg 1 0 0 100 100
pos/00000816_001.jpg 1 0 0 100 100
pos/00000627_023.jpg 1 0 0 100 100
pos/00001140_005.jpg 1 0 0 100 100
pos/00001796_004.jpg 1 0 0 100 100
pos/00001836_056.jpg 1 0 0 100 100
pos/00000032_054.jpg 1 0 0 100 100
pos/00000181_050.jpg 1 0 0 100 100
pos/00001088_007.jpg 1 0 0 100 100
pos/00000047_003.jpg 1 0 0 100 100
pos/00002122_001.jpg 1 0 0 100 100
pos/00001251_000.jpg 1 0 0 100 100
pos/00002120_003.jpg 1 0 0 100 100
pos/00001104_016.jpg 1 0 0 100 100
pos/00001601_001.jpg 1 0 0 100 100
pos/00000011_006.jpg 1 0 0 100 100
pos/00000203_000.jpg 1 0 0 100 100
pos/00000688_000.jpg 1 0 0 100 100
pos/00001974_006.jpg 1 0 0 100 100
pos/00002350_005.jpg 1 0 0 100 100
pos/00001236_000.jpg 1 0 0 100 100
pos/00002289_000.jpg 1 0 0 100 100
pos/00001549_013.jpg 1 0 0 100 100
pos/00001199_008.jpg 1 0 0 100 100
pos/00001140_000.jpg 1 0 0 100 100
pos/00001819_001.jpg 1 0 0 100 100
pos/00000307_000.jpg 1 0 0 100 100
pos/00000219_001.jpg 1 0 0 100 100
pos/00001056_000.jpg 1 0 0 100 100
pos/00001200_003.jpg 1 0 0 100 100
pos/00000632_009.jpg 1 0 0 100 100
pos/00000727_000.jpg 1 0 0 100 100
pos/00001395_002.jpg 1 0 0 100 100
pos/00000468_033.jpg 1 0 0 100 100
pos/00001796_005.jpg 1 0 0 100 100
pos/00002350_001.jpg 1 0 0 100 100
pos/00000847_002.jpg 1 0 0 100 100
pos/00000468_031.jpg 1 0 0 100 100
pos/00000368_006.jpg 1 0 0 100 100
pos/00001322_004.jpg 1 0 0 100 100
pos/00001900_000.jpg 1 0 0 100 100
pos/00001606_002.jpg 1 0 0 100 100
pos/00000119_001.jpg 1 0 0 100 100
pos/00001836_099.jpg 1 0 0 100 100
pos/00001152_001.jpg 1 0 0 100 100
pos/00002262_012.jpg 1 0 0 100 100
pos/00001307_000.jpg 1 0 0 100 100
pos/00002243_007.jpg 1 0 0 100 100
pos/00001220_000.jpg 1 0 0 100 100
pos/00002066_000.jpg 1 0 0 100 100
pos/00000109_000.jpg 1 0 0 100 100
pos/00000030_001.jpg 1 0 0 100 100
pos/00000583_051.jpg 1 0 0 100 100
pos/00000583_043.jpg 1 0 0 100 100
pos/00000655_004.jpg 1 0 0 100 100
pos/00001001_003.jpg 1 0 0 100 100
pos/00000251_002.jpg 1 0 0 100 100
pos/00002206_005.jpg 1 0 0 100 100
pos/00000270_002.jpg 1 0 0 100 100
pos/00001075_020.jpg 1 0 0 100 100
pos/00002032_004.jpg 1 0 0 100 100
pos/00000865_009.jpg 1 0 0 100 100
pos/00000627_009.jpg 1 0 0 100 100
pos/00000175_002.jpg 1 0 0 100 100
pos/00000175_001.jpg 1 0 0 100 100
pos/00002208_005.jpg 1 0 0 100 100
pos/00000149_006.jpg 1 0 0 100 100
pos/00001700_007.jpg 1 0 0 100 100
pos/00001872_001.jpg 1 0 0 100 100
pos/00002350_004.jpg 1 0 0 100 100
pos/00001718_010.jpg 1 0 0 100 100
pos/00001796_007.jpg 1 0 0 100 100
pos/00002208_004.jpg 1 0 0 100 100
pos/00000998_000.jpg 1 0 0 100 100
pos/00002258_002.jpg 1 0 0 100 100
pos/00001088_021.jpg 1 0 0 100 100
pos/00000060_000.jpg 1 0 0 100 100
pos/00000468_032.jpg 1 0 0 100 100
pos/00000150_003.jpg 1 0 0 100 100
pos/00000331_001.jpg 1 0 0 100 100
pos/00000080_004.jpg 1 0 0 100 100
pos/00002094_004.jpg 1 0 0 100 100
pos/00000149_005.jpg 1 0 0 100 100
pos/00000468_022.jpg 1 0 0 100 100
pos/00001075_048.jpg 1 0 0 100 100
pos/00002082_000.jpg 1 0 0 100 100
pos/00001268_002.jpg 1 0 0 100 100
pos/00000627_021.jpg 1 0 0 100 100
pos/00000381_003.jpg 1 0 0 100 100
pos/00000877_036.jpg 1 0 0 100 100
pos/00001984_014.jpg 1 0 0 100 100
pos/00002066_003.jpg 1 0 0 100 100
pos/00000912_001.jpg 1 0 0 100 100
pos/00001477_000.jpg 1 0 0 100 100
pos/00000189_000.jpg 1 0 0 100 100
pos/00001301_024.jpg 1 0 0 100 100
pos/00000583_009.jpg 1 0 0 100 100
pos/00000583_049.jpg 1 0 0 100 100
pos/00000865_011.jpg 1 0 0 100 100
pos/00001199_005.jpg 1 0 0 100 100
pos/00000368_007.jpg 1 0 0 100 100
pos/00001512_002.jpg 1 0 0 100 100
pos/00001104_008.jpg 1 0 0 100 100
pos/00001698_009.jpg 1 0 0 100 100
pos/00001974_009.jpg 1 0 0 100 100
pos/00000303_000.jpg 1 0 0 100 100
pos/00000251_001.jpg 1 0 0 100 100
pos/00001700_006.jpg 1 0 0 100 100
pos/00001362_005.jpg 1 0 0 100 100
pos/00001912_000.jpg 1 0 0 100 100
pos/00001888_000.jpg 1 0 0 100 100
pos/00001557_000.jpg 1 0 0 100 100
pos/00002120_004.jpg 1 0 0 100 100
pos/00001355_002.jpg 1 0 0 100 100
pos/00000468_002.jpg 1 0 0 100 100
pos/00002350_000.jpg 1 0 0 100 100
pos/00000421_000.jpg 1 0 0 100 100
pos/00001153_004.jpg 1 0 0 100 100
pos/00002072_017.jpg 1 0 0 100 100
pos/00001107_008.jpg 1 0 0 100 100
pos/00002143_006.jpg 1 0 0 100 100
pos/00001362_015.jpg 1 0 0 100 100
pos/00001940_002.jpg 1 0 0 100 100
pos/00000248_010.jpg 1 0 0 100 100
pos/00001360_000.jpg 1 0 0 100 100
pos/00001984_012.jpg 1 0 0 100 100
pos/00000086_002.jpg 1 0 0 100 100
pos/00001268_006.jpg 1 0 0 100 100
pos/00000697_002.jpg 1 0 0 100 100
pos/00002208_000.jpg 1 0 0 100 100
pos/00000244_002.jpg 1 0 0 100 100
pos/00000963_013.jpg 1 0 0 100 100
pos/00000459_031.jpg 1 0 0 100 100
pos/00000213_003.jpg 1 0 0 100 100
pos/00000147_001.jpg 1 0 0 100 100
pos/00000832_000.jpg 1 0 0 100 100
pos/00000368_008.jpg 1 0 0 100 100
pos/00001206_003.jpg 1 0 0 100 100
pos/00000707_004.jpg 1 0 0 100 100
pos/00000816_000.jpg 1 0 0 100 100
pos/00000143_011.jpg 1 0 0 100 100
pos/00001655_000.jpg 1 0 0 100 100
pos/00000865_006.jpg 1 0 0 100 100
pos/00001301_021.jpg 1 0 0 100 100
pos/00000324_015.jpg 1 0 0 100 100
pos/00001088_016.jpg 1 0 0 100 100
pos/00000583_003.jpg 1 0 0 100 100
pos/00001088_008.jpg 1 0 0 100 100
pos/00000627_028.jpg 1 0 0 100 100
pos/00001459_000.jpg 1 0 0 100 100
pos/00000797_005.jpg 1 0 0 100 100
pos/00001088_011.jpg 1 0 0 100 100
pos/00001088_017.jpg 1 0 0 100 100
pos/00000072_000.jpg 1 0 0 100 100
pos/00000870_013.jpg 1 0 0 100 100
pos/00000219_000.jpg 1 0 0 100 100
pos/00001978_000.jpg 1 0 0 100 100
pos/00000957_001.jpg 1 0 0 100 100
pos/00001819_004.jpg 1 0 0 100 100
pos/00001797_002.jpg 1 0 0 100 100
pos/00001796_001.jpg 1 0 0 100 100
pos/00000583_010.jpg 1 0 0 100 100
pos/00000583_033.jpg 1 0 0 100 100
pos/00000351_000.jpg 1 0 0 100 100
pos/00001698_007.jpg 1 0 0 100 100
pos/00000583_064.jpg 1 0 0 100 100
pos/00001600_000.jpg 1 0 0 100 100
pos/00002260_000.jpg 1 0 0 100 100
pos/00000954_006.jpg 1 0 0 100 100
pos/00000877_025.jpg 1 0 0 100 100
pos/00000067_001.jpg 1 0 0 100 100
pos/00002036_000.jpg 1 0 0 100 100
pos/00001270_005.jpg 1 0 0 100 100
pos/00000091_008.jpg 1 0 0 100 100
pos/00000583_008.jpg 1 0 0 100 100
pos/00001152_002.jpg 1 0 0 100 100
pos/00001092_000.jpg 1 0 0 100 100
pos/00001700_004.jpg 1 0 0 100 100
pos/00000348_007.jpg 1 0 0 100 100
pos/00001088_022.jpg 1 0 0 100 100
pos/00000153_001.jpg 1 0 0 100 100
pos/00001673_016.jpg 1 0 0 100 100
pos/00001122_007.jpg 1 0 0 100 100
pos/00001558_030.jpg 1 0 0 100 100
pos/00001700_005.jpg 1 0 0 100 100
pos/00001362_003.jpg 1 0 0 100 100
pos/00000771_001.jpg 1 0 0 100 100
pos/00001819_003.jpg 1 0 0 100 100
pos/00001989_009.jpg 1 0 0 100 100
pos/00002100_002.jpg 1 0 0 100 100
pos/00001862_004.jpg 1 0 0 100 100
pos/00001701_000.jpg 1 0 0 100 100
pos/00002156_002.jpg 1 0 0 100 100
pos/00001982_000.jpg 1 0 0 100 100
pos/00001549_011.jpg 1 0 0 100 100
pos/00001289_000.jpg 1 0 0 100 100
pos/00002064_004.jpg 1 0 0 100 100
pos/00000047_004.jpg 1 0 0 100 100
pos/00001700_000.jpg 1 0 0 100 100
pos/00001601_007.jpg 1 0 0 100 100
pos/00002243_008.jpg 1 0 0 100 100
pos/00002022_002.jpg 1 0 0 100 100
pos/00002262_014.jpg 1 0 0 100 100
pos/00002325_000.jpg 1 0 0 100 100
pos/00001122_005.jpg 1 0 0 100 100
pos/00001108_001.jpg 1 0 0 100 100
pos/00000120_000.jpg 1 0 0 100 100
pos/00001796_003.jpg 1 0 0 100 100
pos/00001309_001.jpg 1 0 0 100 100
pos/00000310_004.jpg 1 0 0 100 100
pos/00001736_002.jpg 1 0 0 100 100
pos/00000506_023.jpg 1 0 0 100 100
pos/00000641_000.jpg 1 0 0 100 100
pos/00000109_003.jpg 1 0 0 100 100
pos/00002274_001.jpg 1 0 0 100 100
pos/00001836_113.jpg 1 0 0 100 100
pos/00002049_001.jpg 1 0 0 100 100
pos/00000585_000.jpg 1 0 0 100 100
pos/00000080_001.jpg 1 0 0 100 100
pos/00000642_000.jpg 1 0 0 100 100
pos/00000248_008.jpg 1 0 0 100 100
pos/00001923_000.jpg 1 0 0 100 100
pos/00000236_000.jpg 1 0 0 100 100
pos/00000583_035.jpg 1 0 0 100 100
pos/00001770_001.jpg 1 0 0 100 100
pos/00000238_000.jpg 1 0 0 100 100
pos/00000596_000.jpg 1 0 0 100 100
pos/00001088_026.jpg 1 0 0 100 100
pos/00000368_011.jpg 1 0 0 100 100
pos/00000118_007.jpg 1 0 0 100 100
pos/00000368_002.jpg 1 0 0 100 100
pos/00000468_026.jpg 1 0 0 100 100
pos/00000865_003.jpg 1 0 0 100 100
pos/00000513_001.jpg 1 0 0 100 100
pos/00000275_002.jpg 1 0 0 100 100
pos/00001395_008.jpg 1 0 0 100 100
pos/00001698_004.jpg 1 0 0 100 100
pos/00000632_008.jpg 1 0 0 100 100
pos/00001203_016.jpg 1 0 0 100 100
pos/00000270_000.jpg 1 0 0 100 100
pos/00000830_001.jpg 1 0 0 100 100
pos/00000877_009.jpg 1 0 0 100 100
pos/00000468_023.jpg 1 0 0 100 100
pos/00001836_057.jpg 1 0 0 100 100
pos/00001558_028.jpg 1 0 0 100 100
pos/00002350_003.jpg 1 0 0 100 100
pos/00000368_001.jpg 1 0 0 100 100
pos/00002312_002.jpg 1 0 0 100 100
pos/00000957_002.jpg 1 0 0 100 100
pos/00000248_009.jpg 1 0 0 100 100
pos/00001268_004.jpg 1 0 0 100 100
pos/00000431_000.jpg 1 0 0 100 100
