pos/00001483_014.jpg 1 0 0 100 100
pos/00001473_003.jpg 1 0 0 100 100
pos/00000591_010.jpg 1 0 0 100 100
pos/00000116_005.jpg 1 0 0 100 100
pos/00001377_004.jpg 1 0 0 100 100
pos/00001248_000.jpg 1 0 0 100 100
pos/00002075_004.jpg 1 0 0 100 100
pos/00001343_000.jpg 1 0 0 100 100
pos/00000090_008.jpg 1 0 0 100 100
pos/00002395_006.jpg 1 0 0 100 100
pos/00001330_004.jpg 1 0 0 100 100
pos/00001101_003.jpg 1 0 0 100 100
pos/00002744_001.jpg 1 0 0 100 100
pos/00002248_004.jpg 1 0 0 100 100
pos/00000745_000.jpg 1 0 0 100 100
pos/00000591_018.jpg 1 0 0 100 100
pos/00002120_005.jpg 1 0 0 100 100
pos/00000761_000.jpg 1 0 0 100 100
pos/00000025_000.jpg 1 0 0 100 100
pos/00000402_009.jpg 1 0 0 100 100
pos/00002112_004.jpg 1 0 0 100 100
pos/00001582_020.jpg 1 0 0 100 100
pos/00001816_001.jpg 1 0 0 100 100
pos/00002639_005.jpg 1 0 0 100 100
pos/00001226_002.jpg 1 0 0 100 100
pos/00000231_006.jpg 1 0 0 100 100
pos/00000506_018.jpg 1 0 0 100 100
pos/00000096_006.jpg 1 0 0 100 100
pos/00002395_019.jpg 1 0 0 100 100
pos/00000090_003.jpg 1 0 0 100 100
pos/00000211_025.jpg 1 0 0 100 100
pos/00001775_001.jpg 1 0 0 100 100
pos/00000231_002.jpg 1 0 0 100 100
pos/00001330_002.jpg 1 0 0 100 100
pos/00000041_006.jpg 1 0 0 100 100
pos/00002763_020.jpg 1 0 0 100 100
pos/00002300_000.jpg 1 0 0 100 100
pos/00000761_002.jpg 1 0 0 100 100
pos/00002633_004.jpg 1 0 0 100 100
pos/00001248_017.jpg 1 0 0 100 100
pos/00000870_012.jpg 1 0 0 100 100
pos/00000181_058.jpg 1 0 0 100 100
pos/00000056_001.jpg 1 0 0 100 100
pos/00000963_024.jpg 1 0 0 100 100
pos/00000127_004.jpg 1 0 0 100 100
pos/00000039_004.jpg 1 0 0 100 100
pos/00001437_039.jpg 1 0 0 100 100
pos/00001803_007.jpg 1 0 0 100 100
pos/00002728_005.jpg 1 0 0 100 100
pos/00000118_015.jpg 1 0 0 100 100
pos/00001697_007.jpg 1 0 0 100 100
pos/00001470_007.jpg 1 0 0 100 100
pos/00000742_000.jpg 1 0 0 100 100
pos/00002359_001.jpg 1 0 0 100 100
pos/00000591_019.jpg 1 0 0 100 100
pos/00001437_001.jpg 1 0 0 100 100
pos/00000322_013.jpg 1 0 0 100 100
pos/00000180_003.jpg 1 0 0 100 100
pos/00002583_003.jpg 1 0 0 100 100
pos/00000061_011.jpg 1 0 0 100 100
pos/00002510_012.jpg 1 0 0 100 100
pos/00000963_025.jpg 1 0 0 100 100
pos/00000099_009.jpg 1 0 0 100 100
pos/00001248_002.jpg 1 0 0 100 100
pos/00000181_003.jpg 1 0 0 100 100
pos/00000181_019.jpg 1 0 0 100 100
pos/00000084_000.jpg 1 0 0 100 100
pos/00000591_005.jpg 1 0 0 100 100
pos/00000211_032.jpg 1 0 0 100 100
pos/00002523_002.jpg 1 0 0 100 100
pos/00002723_006.jpg 1 0 0 100 100
pos/00001373_044.jpg 1 0 0 100 100
pos/00000181_042.jpg 1 0 0 100 100
pos/00002248_006.jpg 1 0 0 100 100
pos/00001226_004.jpg 1 0 0 100 100
pos/00002208_003.jpg 1 0 0 100 100
pos/00000071_002.jpg 1 0 0 100 100
pos/00000116_002.jpg 1 0 0 100 100
pos/00001437_002.jpg 1 0 0 100 100
pos/00000181_060.jpg 1 0 0 100 100
pos/00002524_023.jpg 1 0 0 100 100
pos/00000061_002.jpg 1 0 0 100 100
pos/00000211_012.jpg 1 0 0 100 100
pos/00000250_008.jpg 1 0 0 100 100
pos/00002208_010.jpg 1 0 0 100 100
pos/00001601_009.jpg 1 0 0 100 100
pos/00002300_038.jpg 1 0 0 100 100
pos/00001558_022.jpg 1 0 0 100 100
pos/00002668_001.jpg 1 0 0 100 100
pos/00002395_020.jpg 1 0 0 100 100
pos/00001473_000.jpg 1 0 0 100 100
pos/00001470_004.jpg 1 0 0 100 100
pos/00000116_011.jpg 1 0 0 100 100
pos/00000013_021.jpg 1 0 0 100 100
pos/00002339_008.jpg 1 0 0 100 100
pos/00001206_001.jpg 1 0 0 100 100
pos/00001385_006.jpg 1 0 0 100 100
pos/00002032_011.jpg 1 0 0 100 100
pos/00000148_001.jpg 1 0 0 100 100
pos/00001723_004.jpg 1 0 0 100 100
pos/00001278_001.jpg 1 0 0 100 100
pos/00000572_001.jpg 1 0 0 100 100
pos/00002300_004.jpg 1 0 0 100 100
pos/00000061_006.jpg 1 0 0 100 100
pos/00001787_009.jpg 1 0 0 100 100
pos/00001775_004.jpg 1 0 0 100 100
pos/00000409_000.jpg 1 0 0 100 100
pos/00000091_009.jpg 1 0 0 100 100
pos/00000061_008.jpg 1 0 0 100 100
pos/00002081_001.jpg 1 0 0 100 100
pos/00000116_028.jpg 1 0 0 100 100
pos/00002395_030.jpg 1 0 0 100 100
pos/00000099_002.jpg 1 0 0 100 100
pos/00001771_003.jpg 1 0 0 100 100
pos/00002718_005.jpg 1 0 0 100 100
pos/00002243_012.jpg 1 0 0 100 100
pos/00000116_004.jpg 1 0 0 100 100
pos/00001582_001.jpg 1 0 0 100 100
pos/00002524_021.jpg 1 0 0 100 100
pos/00002208_011.jpg 1 0 0 100 100
pos/00001470_005.jpg 1 0 0 100 100
pos/00000099_008.jpg 1 0 0 100 100
pos/00000848_000.jpg 1 0 0 100 100
pos/00000856_000.jpg 1 0 0 100 100
pos/00002424_013.jpg 1 0 0 100 100
pos/00002395_007.jpg 1 0 0 100 100
pos/00000132_003.jpg 1 0 0 100 100
pos/00002720_003.jpg 1 0 0 100 100
pos/00000127_007.jpg 1 0 0 100 100
pos/00000116_022.jpg 1 0 0 100 100
pos/00000591_011.jpg 1 0 0 100 100
pos/00001847_004.jpg 1 0 0 100 100
pos/00002509_012.jpg 1 0 0 100 100
pos/00002763_018.jpg 1 0 0 100 100
pos/00002720_007.jpg 1 0 0 100 100
pos/00000127_003.jpg 1 0 0 100 100
pos/00000099_003.jpg 1 0 0 100 100
pos/00000583_000.jpg 1 0 0 100 100
pos/00000211_029.jpg 1 0 0 100 100
pos/00001737_002.jpg 1 0 0 100 100
pos/00002524_022.jpg 1 0 0 100 100
pos/00001142_000.jpg 1 0 0 100 100
pos/00002529_030.jpg 1 0 0 100 100
pos/00001558_023.jpg 1 0 0 100 100
pos/00001558_007.jpg 1 0 0 100 100
pos/00000096_002.jpg 1 0 0 100 100
pos/00001278_003.jpg 1 0 0 100 100
pos/00001075_026.jpg 1 0 0 100 100
pos/00002720_016.jpg 1 0 0 100 100
pos/00002229_002.jpg 1 0 0 100 100
pos/00001101_004.jpg 1 0 0 100 100
pos/00001803_003.jpg 1 0 0 100 100
pos/00000591_002.jpg 1 0 0 100 100
pos/00000963_020.jpg 1 0 0 100 100
pos/00001684_031.jpg 1 0 0 100 100
pos/00002474_001.jpg 1 0 0 100 100
pos/00000372_012.jpg 1 0 0 100 100
pos/00000780_000.jpg 1 0 0 100 100
pos/00002439_001.jpg 1 0 0 100 100
pos/00000814_005.jpg 1 0 0 100 100
pos/00000099_012.jpg 1 0 0 100 100
pos/00002359_019.jpg 1 0 0 100 100
pos/00001992_006.jpg 1 0 0 100 100
pos/00000117_000.jpg 1 0 0 100 100
pos/00000344_002.jpg 1 0 0 100 100
pos/00001301_016.jpg 1 0 0 100 100
pos/00002509_011.jpg 1 0 0 100 100
pos/00000116_001.jpg 1 0 0 100 100
pos/00002763_019.jpg 1 0 0 100 100
pos/00001844_000.jpg 1 0 0 100 100
pos/00002510_011.jpg 1 0 0 100 100
pos/00000116_008.jpg 1 0 0 100 100
pos/00001473_002.jpg 1 0 0 100 100
pos/00002300_031.jpg 1 0 0 100 100
pos/00000591_003.jpg 1 0 0 100 100
pos/00001697_006.jpg 1 0 0 100 100
pos/00002003_004.jpg 1 0 0 100 100
pos/00002523_003.jpg 1 0 0 100 100
pos/00001104_022.jpg 1 0 0 100 100
pos/00001900_025.jpg 1 0 0 100 100
pos/00002594_002.jpg 1 0 0 100 100
pos/00002474_005.jpg 1 0 0 100 100
pos/00001558_016.jpg 1 0 0 100 100
pos/00001301_047.jpg 1 0 0 100 100
pos/00002075_003.jpg 1 0 0 100 100
pos/00000127_002.jpg 1 0 0 100 100
pos/00000181_059.jpg 1 0 0 100 100
pos/00002081_000.jpg 1 0 0 100 100
pos/00001376_006.jpg 1 0 0 100 100
pos/00001108_003.jpg 1 0 0 100 100
pos/00002395_005.jpg 1 0 0 100 100
pos/00001558_032.jpg 1 0 0 100 100
pos/00000591_012.jpg 1 0 0 100 100
pos/00001153_005.jpg 1 0 0 100 100
pos/00002381_011.jpg 1 0 0 100 100
pos/00000732_009.jpg 1 0 0 100 100
pos/00001157_005.jpg 1 0 0 100 100
pos/00000506_032.jpg 1 0 0 100 100
pos/00000798_036.jpg 1 0 0 100 100
pos/00000074_000.jpg 1 0 0 100 100
pos/00000121_007.jpg 1 0 0 100 100
pos/00000116_033.jpg 1 0 0 100 100
pos/00001437_012.jpg 1 0 0 100 100
pos/00002583_002.jpg 1 0 0 100 100
pos/00001278_009.jpg 1 0 0 100 100
pos/00002395_010.jpg 1 0 0 100 100
pos/00000144_003.jpg 1 0 0 100 100
pos/00002395_033.jpg 1 0 0 100 100
pos/00000591_014.jpg 1 0 0 100 100
pos/00001650_011.jpg 1 0 0 100 100
pos/00001689_007.jpg 1 0 0 100 100
pos/00001376_007.jpg 1 0 0 100 100
pos/00000814_008.jpg 1 0 0 100 100
pos/00002756_005.jpg 1 0 0 100 100
pos/00001470_006.jpg 1 0 0 100 100
pos/00002300_021.jpg 1 0 0 100 100
pos/00001278_011.jpg 1 0 0 100 100
pos/00001616_012.jpg 1 0 0 100 100
pos/00000732_000.jpg 1 0 0 100 100
pos/00002720_021.jpg 1 0 0 100 100
pos/00000121_006.jpg 1 0 0 100 100
pos/00001558_021.jpg 1 0 0 100 100
pos/00001483_008.jpg 1 0 0 100 100
pos/00000410_002.jpg 1 0 0 100 100
pos/00002723_007.jpg 1 0 0 100 100
pos/00000150_000.jpg 1 0 0 100 100
pos/00001847_003.jpg 1 0 0 100 100
pos/00000512_000.jpg 1 0 0 100 100
pos/00001697_012.jpg 1 0 0 100 100
pos/00002791_000.jpg 1 0 0 100 100
pos/00001397_002.jpg 1 0 0 100 100
pos/00002639_002.jpg 1 0 0 100 100
pos/00000572_002.jpg 1 0 0 100 100
pos/00001818_000.jpg 1 0 0 100 100
pos/00002490_000.jpg 1 0 0 100 100
pos/00001377_005.jpg 1 0 0 100 100
pos/00001439_000.jpg 1 0 0 100 100
pos/00002075_002.jpg 1 0 0 100 100
pos/00000116_020.jpg 1 0 0 100 100
pos/00001684_024.jpg 1 0 0 100 100
pos/00001458_002.jpg 1 0 0 100 100
pos/00000071_007.jpg 1 0 0 100 100
pos/00001210_005.jpg 1 0 0 100 100
pos/00001473_004.jpg 1 0 0 100 100
pos/00001373_038.jpg 1 0 0 100 100
pos/00001373_041.jpg 1 0 0 100 100
pos/00001416_001.jpg 1 0 0 100 100
pos/00002439_007.jpg 1 0 0 100 100
pos/00000211_026.jpg 1 0 0 100 100
pos/00002585_003.jpg 1 0 0 100 100
pos/00001309_002.jpg 1 0 0 100 100
pos/00002152_001.jpg 1 0 0 100 100
pos/00001697_008.jpg 1 0 0 100 100
pos/00000506_019.jpg 1 0 0 100 100
pos/00002764_000.jpg 1 0 0 100 100
pos/00000814_002.jpg 1 0 0 100 100
pos/00001775_002.jpg 1 0 0 100 100
pos/00001629_010.jpg 1 0 0 100 100
pos/00002529_007.jpg 1 0 0 100 100
pos/00000506_012.jpg 1 0 0 100 100
pos/00001684_013.jpg 1 0 0 100 100
pos/00001226_003.jpg 1 0 0 100 100
pos/00000742_002.jpg 1 0 0 100 100
pos/00001385_005.jpg 1 0 0 100 100
pos/00000591_017.jpg 1 0 0 100 100
pos/00002152_003.jpg 1 0 0 100 100
pos/00002583_006.jpg 1 0 0 100 100
pos/00001833_009.jpg 1 0 0 100 100
pos/00000117_001.jpg 1 0 0 100 100
pos/00001232_001.jpg 1 0 0 100 100
pos/00002386_009.jpg 1 0 0 100 100
pos/00000084_001.jpg 1 0 0 100 100
pos/00001483_010.jpg 1 0 0 100 100
pos/00000181_005.jpg 1 0 0 100 100
pos/00002075_005.jpg 1 0 0 100 100
pos/00001248_016.jpg 1 0 0 100 100
pos/00002524_013.jpg 1 0 0 100 100
pos/00000491_018.jpg 1 0 0 100 100
pos/00001397_001.jpg 1 0 0 100 100
pos/00002524_008.jpg 1 0 0 100 100
pos/00001437_005.jpg 1 0 0 100 100
pos/00002791_001.jpg 1 0 0 100 100
pos/00000211_028.jpg 1 0 0 100 100
pos/00001483_022.jpg 1 0 0 100 100
pos/00002576_005.jpg 1 0 0 100 100
pos/00002208_002.jpg 1 0 0 100 100
pos/00001202_001.jpg 1 0 0 100 100
pos/00000870_004.jpg 1 0 0 100 100
pos/00000398_001.jpg 1 0 0 100 100
pos/00001558_008.jpg 1 0 0 100 100
pos/00002339_007.jpg 1 0 0 100 100
pos/00002763_017.jpg 1 0 0 100 100
pos/00000591_009.jpg 1 0 0 100 100
pos/00000011_000.jpg 1 0 0 100 100
pos/00001206_004.jpg 1 0 0 100 100
pos/00000116_006.jpg 1 0 0 100 100
pos/00002723_008.jpg 1 0 0 100 100
pos/00002300_035.jpg 1 0 0 100 100
pos/00000927_004.jpg 1 0 0 100 100
pos/00001226_001.jpg 1 0 0 100 100
pos/00001841_001.jpg 1 0 0 100 100
pos/00001684_030.jpg 1 0 0 100 100
pos/00001866_000.jpg 1 0 0 100 100
pos/00000632_011.jpg 1 0 0 100 100
pos/00002395_024.jpg 1 0 0 100 100
pos/00000076_000.jpg 1 0 0 100 100
pos/00000591_015.jpg 1 0 0 100 100
pos/00000627_024.jpg 1 0 0 100 100
pos/00000116_003.jpg 1 0 0 100 100
pos/00000116_036.jpg 1 0 0 100 100
pos/00002032_009.jpg 1 0 0 100 100
pos/00002639_014.jpg 1 0 0 100 100
pos/00000963_026.jpg 1 0 0 100 100
pos/00000963_010.jpg 1 0 0 100 100
pos/00002763_015.jpg 1 0 0 100 100
pos/00000180_002.jpg 1 0 0 100 100
pos/00000116_009.jpg 1 0 0 100 100
pos/00000591_001.jpg 1 0 0 100 100
pos/00000127_005.jpg 1 0 0 100 100
pos/00002353_002.jpg 1 0 0 100 100
pos/00000061_007.jpg 1 0 0 100 100
pos/00002639_006.jpg 1 0 0 100 100
