pos/00000042_006.jpg 1 0 0 100 100
pos/00000502_008.jpg 1 0 0 100 100
pos/00000877_014.jpg 1 0 0 100 100
pos/00000215_000.jpg 1 0 0 100 100
pos/00000499_006.jpg 1 0 0 100 100
pos/00000487_000.jpg 1 0 0 100 100
pos/00000444_000.jpg 1 0 0 100 100
pos/00000627_034.jpg 1 0 0 100 100
pos/00000181_035.jpg 1 0 0 100 100
pos/00000348_008.jpg 1 0 0 100 100
pos/00000662_010.jpg 1 0 0 100 100
pos/00000391_006.jpg 1 0 0 100 100
pos/00000132_006.jpg 1 0 0 100 100
pos/00000089_000.jpg 1 0 0 100 100
pos/00000063_000.jpg 1 0 0 100 100
pos/00000125_000.jpg 1 0 0 100 100
pos/00000620_000.jpg 1 0 0 100 100
pos/00000370_011.jpg 1 0 0 100 100
pos/00000502_004.jpg 1 0 0 100 100
pos/00000488_000.jpg 1 0 0 100 100
pos/00001000_000.jpg 1 0 0 100 100
pos/00000937_006.jpg 1 0 0 100 100
pos/00000963_028.jpg 1 0 0 100 100
pos/00000627_035.jpg 1 0 0 100 100
pos/00000115_001.jpg 1 0 0 100 100
pos/00000021_001.jpg 1 0 0 100 100
pos/00000502_003.jpg 1 0 0 100 100
pos/00001066_000.jpg 1 0 0 100 100
pos/00000489_001.jpg 1 0 0 100 100
pos/00000640_000.jpg 1 0 0 100 100
pos/00000494_000.jpg 1 0 0 100 100
pos/00001006_010.jpg 1 0 0 100 100
pos/00000459_054.jpg 1 0 0 100 100
pos/00000313_000.jpg 1 0 0 100 100
pos/00000502_005.jpg 1 0 0 100 100
pos/00000246_001.jpg 1 0 0 100 100
pos/00000032_017.jpg 1 0 0 100 100
pos/00001006_014.jpg 1 0 0 100 100
pos/00000648_001.jpg 1 0 0 100 100
pos/00000010_000.jpg 1 0 0 100 100
pos/00000242_005.jpg 1 0 0 100 100
pos/00000549_001.jpg 1 0 0 100 100
pos/00000799_000.jpg 1 0 0 100 100
pos/00000677_000.jpg 1 0 0 100 100
pos/00000183_002.jpg 1 0 0 100 100
pos/00000820_004.jpg 1 0 0 100 100
pos/00000947_004.jpg 1 0 0 100 100
pos/00000467_007.jpg 1 0 0 100 100
pos/00000930_003.jpg 1 0 0 100 100
pos/00000032_047.jpg 1 0 0 100 100
pos/00000502_002.jpg 1 0 0 100 100
pos/00000683_004.jpg 1 0 0 100 100
pos/00000327_004.jpg 1 0 0 100 100
pos/00000954_001.jpg 1 0 0 100 100
pos/00000873_000.jpg 1 0 0 100 100
pos/00000955_003.jpg 1 0 0 100 100
pos/00000205_001.jpg 1 0 0 100 100
pos/00000105_002.jpg 1 0 0 100 100
pos/00000013_046.jpg 1 0 0 100 100
pos/00001006_016.jpg 1 0 0 100 100
pos/00000250_005.jpg 1 0 0 100 100
pos/00000422_006.jpg 1 0 0 100 100
pos/00000011_007.jpg 1 0 0 100 100
pos/00000676_002.jpg 1 0 0 100 100
pos/00000857_005.jpg 1 0 0 100 100
pos/00000011_005.jpg 1 0 0 100 100
pos/00000885_001.jpg 1 0 0 100 100
pos/00000147_000.jpg 1 0 0 100 100
pos/00000460_000.jpg 1 0 0 100 100
pos/00000459_003.jpg 1 0 0 100 100
pos/00000289_008.jpg 1 0 0 100 100
pos/00000902_000.jpg 1 0 0 100 100
pos/00000820_015.jpg 1 0 0 100 100
pos/00000239_002.jpg 1 0 0 100 100
pos/00000506_010.jpg 1 0 0 100 100
pos/00000652_025.jpg 1 0 0 100 100
pos/00000583_024.jpg 1 0 0 100 100
pos/00000766_012.jpg 1 0 0 100 100
pos/00000321_001.jpg 1 0 0 100 100
pos/00000915_004.jpg 1 0 0 100 100
pos/00000895_000.jpg 1 0 0 100 100
pos/00000652_012.jpg 1 0 0 100 100
pos/00000411_000.jpg 1 0 0 100 100
pos/00001021_005.jpg 1 0 0 100 100
pos/00001021_003.jpg 1 0 0 100 100
pos/00000624_000.jpg 1 0 0 100 100
pos/00000057_004.jpg 1 0 0 100 100
pos/00000032_026.jpg 1 0 0 100 100
pos/00000181_007.jpg 1 0 0 100 100
pos/00000331_000.jpg 1 0 0 100 100
pos/00000181_009.jpg 1 0 0 100 100
pos/00000915_003.jpg 1 0 0 100 100
pos/00000181_032.jpg 1 0 0 100 100
pos/00000908_000.jpg 1 0 0 100 100
pos/00000482_000.jpg 1 0 0 100 100
pos/00000766_001.jpg 1 0 0 100 100
pos/00000693_002.jpg 1 0 0 100 100
pos/00001054_004.jpg 1 0 0 100 100
pos/00000666_000.jpg 1 0 0 100 100
pos/00000062_000.jpg 1 0 0 100 100
pos/00001031_002.jpg 1 0 0 100 100
pos/00001043_007.jpg 1 0 0 100 100
pos/00000459_027.jpg 1 0 0 100 100
pos/00000465_000.jpg 1 0 0 100 100
pos/00000119_000.jpg 1 0 0 100 100
pos/00001006_025.jpg 1 0 0 100 100
pos/00000376_009.jpg 1 0 0 100 100
pos/00000360_008.jpg 1 0 0 100 100
pos/00000583_022.jpg 1 0 0 100 100
pos/00000798_031.jpg 1 0 0 100 100
pos/00000963_014.jpg 1 0 0 100 100
pos/00000583_026.jpg 1 0 0 100 100
pos/00000032_015.jpg 1 0 0 100 100
pos/00000246_011.jpg 1 0 0 100 100
pos/00000857_006.jpg 1 0 0 100 100
pos/00000872_007.jpg 1 0 0 100 100
pos/00001006_002.jpg 1 0 0 100 100
pos/00000569_000.jpg 1 0 0 100 100
pos/00000026_000.jpg 1 0 0 100 100
pos/00000506_003.jpg 1 0 0 100 100
pos/00000459_037.jpg 1 0 0 100 100
pos/00000583_050.jpg 1 0 0 100 100
pos/00000772_003.jpg 1 0 0 100 100
pos/00001006_023.jpg 1 0 0 100 100
pos/00000489_000.jpg 1 0 0 100 100
pos/00000627_019.jpg 1 0 0 100 100
pos/00001039_007.jpg 1 0 0 100 100
pos/00000624_002.jpg 1 0 0 100 100
pos/00000857_004.jpg 1 0 0 100 100
pos/00000865_002.jpg 1 0 0 100 100
pos/00000091_004.jpg 1 0 0 100 100
pos/00000268_001.jpg 1 0 0 100 100
pos/00000468_047.jpg 1 0 0 100 100
pos/00000131_000.jpg 1 0 0 100 100
pos/00000808_016.jpg 1 0 0 100 100
pos/00000277_001.jpg 1 0 0 100 100
pos/00001006_028.jpg 1 0 0 100 100
pos/00000181_046.jpg 1 0 0 100 100
pos/00000621_002.jpg 1 0 0 100 100
pos/00000051_000.jpg 1 0 0 100 100
pos/00000468_000.jpg 1 0 0 100 100
pos/00000502_011.jpg 1 0 0 100 100
pos/00000230_005.jpg 1 0 0 100 100
pos/00000032_011.jpg 1 0 0 100 100
pos/00000490_000.jpg 1 0 0 100 100
pos/00000583_029.jpg 1 0 0 100 100
pos/00000937_007.jpg 1 0 0 100 100
pos/00000798_011.jpg 1 0 0 100 100
pos/00000468_055.jpg 1 0 0 100 100
pos/00000370_010.jpg 1 0 0 100 100
pos/00000635_001.jpg 1 0 0 100 100
pos/00000975_001.jpg 1 0 0 100 100
pos/00000959_000.jpg 1 0 0 100 100
pos/00000508_001.jpg 1 0 0 100 100
pos/00000831_004.jpg 1 0 0 100 100
pos/00000627_037.jpg 1 0 0 100 100
pos/00000459_016.jpg 1 0 0 100 100
pos/00000181_030.jpg 1 0 0 100 100
pos/00000623_002.jpg 1 0 0 100 100
pos/00000583_025.jpg 1 0 0 100 100
pos/00000478_000.jpg 1 0 0 100 100
pos/00000179_001.jpg 1 0 0 100 100
pos/00000230_001.jpg 1 0 0 100 100
pos/00000343_000.jpg 1 0 0 100 100
pos/00000468_003.jpg 1 0 0 100 100
pos/00000459_048.jpg 1 0 0 100 100
pos/00000506_009.jpg 1 0 0 100 100
pos/00000820_003.jpg 1 0 0 100 100
pos/00000032_014.jpg 1 0 0 100 100
pos/00000288_000.jpg 1 0 0 100 100
pos/00000820_016.jpg 1 0 0 100 100
pos/00000398_008.jpg 1 0 0 100 100
pos/00000662_009.jpg 1 0 0 100 100
pos/00000993_000.jpg 1 0 0 100 100
pos/00000245_002.jpg 1 0 0 100 100
pos/00000211_040.jpg 1 0 0 100 100
pos/00000114_000.jpg 1 0 0 100 100
pos/00000877_018.jpg 1 0 0 100 100
pos/00000538_002.jpg 1 0 0 100 100
pos/00000459_035.jpg 1 0 0 100 100
pos/00000218_004.jpg 1 0 0 100 100
pos/00000694_002.jpg 1 0 0 100 100
pos/00000634_001.jpg 1 0 0 100 100
pos/00000915_001.jpg 1 0 0 100 100
pos/00000796_009.jpg 1 0 0 100 100
pos/00000181_016.jpg 1 0 0 100 100
pos/00000531_002.jpg 1 0 0 100 100
pos/00000459_039.jpg 1 0 0 100 100
pos/00000213_002.jpg 1 0 0 100 100
pos/00000772_000.jpg 1 0 0 100 100
pos/00000181_008.jpg 1 0 0 100 100
pos/00000376_006.jpg 1 0 0 100 100
pos/00000032_013.jpg 1 0 0 100 100
pos/00000892_000.jpg 1 0 0 100 100
pos/00000458_001.jpg 1 0 0 100 100
pos/00000324_000.jpg 1 0 0 100 100
pos/00000502_016.jpg 1 0 0 100 100
pos/00000956_000.jpg 1 0 0 100 100
pos/00000256_000.jpg 1 0 0 100 100
pos/00000324_011.jpg 1 0 0 100 100
pos/00000506_006.jpg 1 0 0 100 100
pos/00000043_000.jpg 1 0 0 100 100
pos/00000658_000.jpg 1 0 0 100 100
pos/00000213_004.jpg 1 0 0 100 100
pos/00000181_006.jpg 1 0 0 100 100
pos/00000656_000.jpg 1 0 0 100 100
pos/00000734_000.jpg 1 0 0 100 100
pos/00000586_001.jpg 1 0 0 100 100
pos/00001045_001.jpg 1 0 0 100 100
pos/00000720_003.jpg 1 0 0 100 100
pos/00000488_001.jpg 1 0 0 100 100
pos/00000054_006.jpg 1 0 0 100 100
pos/00000181_036.jpg 1 0 0 100 100
pos/00000652_013.jpg 1 0 0 100 100
pos/00000820_007.jpg 1 0 0 100 100
pos/00000258_000.jpg 1 0 0 100 100
pos/00000143_006.jpg 1 0 0 100 100
pos/00000491_025.jpg 1 0 0 100 100
pos/00000501_000.jpg 1 0 0 100 100
pos/00000099_004.jpg 1 0 0 100 100
pos/00000529_001.jpg 1 0 0 100 100
pos/00000032_018.jpg 1 0 0 100 100
pos/00000883_000.jpg 1 0 0 100 100
pos/00000102_000.jpg 1 0 0 100 100
pos/00000820_005.jpg 1 0 0 100 100
pos/00000506_022.jpg 1 0 0 100 100
pos/00000798_033.jpg 1 0 0 100 100
pos/00000118_013.jpg 1 0 0 100 100
pos/00000273_002.jpg 1 0 0 100 100
pos/00000766_025.jpg 1 0 0 100 100
pos/00000697_010.jpg 1 0 0 100 100
pos/00000485_000.jpg 1 0 0 100 100
pos/00000621_001.jpg 1 0 0 100 100
pos/00000741_000.jpg 1 0 0 100 100
pos/00000173_000.jpg 1 0 0 100 100
pos/00000979_000.jpg 1 0 0 100 100
pos/00000116_026.jpg 1 0 0 100 100
pos/00000744_002.jpg 1 0 0 100 100
pos/00000422_007.jpg 1 0 0 100 100
pos/00000183_000.jpg 1 0 0 100 100
pos/00000061_018.jpg 1 0 0 100 100
pos/00000765_000.jpg 1 0 0 100 100
pos/00000181_010.jpg 1 0 0 100 100
pos/00000250_007.jpg 1 0 0 100 100
pos/00000459_010.jpg 1 0 0 100 100
pos/00000820_011.jpg 1 0 0 100 100
pos/00000531_000.jpg 1 0 0 100 100
pos/00000273_003.jpg 1 0 0 100 100
pos/00001055_000.jpg 1 0 0 100 100
pos/00000324_010.jpg 1 0 0 100 100
pos/00000571_004.jpg 1 0 0 100 100
pos/00000745_001.jpg 1 0 0 100 100
pos/00000697_009.jpg 1 0 0 100 100
pos/00000367_000.jpg 1 0 0 100 100
pos/00000447_005.jpg 1 0 0 100 100
pos/00000468_041.jpg 1 0 0 100 100
pos/00000468_001.jpg 1 0 0 100 100
pos/00000709_008.jpg 1 0 0 100 100
pos/00000874_000.jpg 1 0 0 100 100
pos/00000391_008.jpg 1 0 0 100 100
pos/00000646_000.jpg 1 0 0 100 100
pos/00000134_000.jpg 1 0 0 100 100
pos/00000820_002.jpg 1 0 0 100 100
pos/00000431_002.jpg 1 0 0 100 100
pos/00000181_021.jpg 1 0 0 100 100
pos/00000154_000.jpg 1 0 0 100 100
pos/00000459_018.jpg 1 0 0 100 100
pos/00001046_000.jpg 1 0 0 100 100
pos/00000872_006.jpg 1 0 0 100 100
pos/00000061_024.jpg 1 0 0 100 100
pos/00000832_009.jpg 1 0 0 100 100
pos/00000385_005.jpg 1 0 0 100 100
pos/00000502_013.jpg 1 0 0 100 100
pos/00000178_000.jpg 1 0 0 100 100
pos/00001043_006.jpg 1 0 0 100 100
pos/00000621_004.jpg 1 0 0 100 100
pos/00000709_001.jpg 1 0 0 100 100
pos/00000727_009.jpg 1 0 0 100 100
pos/00000032_033.jpg 1 0 0 100 100
pos/00000627_004.jpg 1 0 0 100 100
pos/00000054_000.jpg 1 0 0 100 100
pos/00000524_003.jpg 1 0 0 100 100
pos/00000548_003.jpg 1 0 0 100 100
pos/00001006_027.jpg 1 0 0 100 100
pos/00000798_009.jpg 1 0 0 100 100
pos/00000285_001.jpg 1 0 0 100 100
pos/00000766_028.jpg 1 0 0 100 100
pos/00001006_013.jpg 1 0 0 100 100
pos/00000548_001.jpg 1 0 0 100 100
pos/00001001_002.jpg 1 0 0 100 100
pos/00000179_003.jpg 1 0 0 100 100
pos/00000709_002.jpg 1 0 0 100 100
pos/00000547_004.jpg 1 0 0 100 100
pos/00000013_007.jpg 1 0 0 100 100
pos/00000181_017.jpg 1 0 0 100 100
pos/00000376_010.jpg 1 0 0 100 100
pos/00000548_002.jpg 1 0 0 100 100
pos/00000297_000.jpg 1 0 0 100 100
pos/00000981_001.jpg 1 0 0 100 100
pos/00000915_000.jpg 1 0 0 100 100
pos/00000978_000.jpg 1 0 0 100 100
pos/00000446_000.jpg 1 0 0 100 100
pos/00000634_003.jpg 1 0 0 100 100
pos/00001018_008.jpg 1 0 0 100 100
pos/00000459_049.jpg 1 0 0 100 100
pos/00001001_001.jpg 1 0 0 100 100
pos/00000783_001.jpg 1 0 0 100 100
pos/00000980_003.jpg 1 0 0 100 100
pos/00000459_052.jpg 1 0 0 100 100
pos/00000246_017.jpg 1 0 0 100 100
pos/00000820_010.jpg 1 0 0 100 100
pos/00001035_001.jpg 1 0 0 100 100
pos/00000686_000.jpg 1 0 0 100 100
pos/00000339_001.jpg 1 0 0 100 100
pos/00000230_003.jpg 1 0 0 100 100
pos/00000808_000.jpg 1 0 0 100 100
pos/00000502_007.jpg 1 0 0 100 100
pos/00000318_010.jpg 1 0 0 100 100
pos/00000231_000.jpg 1 0 0 100 100
pos/00000310_006.jpg 1 0 0 100 100
pos/00000827_000.jpg 1 0 0 100 100
pos/00000450_000.jpg 1 0 0 100 100
