pos/00000370_000.jpg 1 0 0 100 100
pos/00000695_000.jpg 1 0 0 100 100
pos/00000459_017.jpg 1 0 0 100 100
pos/00003423_001.jpg 1 0 0 100 100
pos/00002194_001.jpg 1 0 0 100 100
pos/00003369_016.jpg 1 0 0 100 100
pos/00003101_003.jpg 1 0 0 100 100
pos/00003503_003.jpg 1 0 0 100 100
pos/00002413_000.jpg 1 0 0 100 100
pos/00001836_045.jpg 1 0 0 100 100
pos/00000093_000.jpg 1 0 0 100 100
pos/00000499_010.jpg 1 0 0 100 100
pos/00001395_000.jpg 1 0 0 100 100
pos/00003369_000.jpg 1 0 0 100 100
pos/00002337_012.jpg 1 0 0 100 100
pos/00002756_001.jpg 1 0 0 100 100
pos/00002477_000.jpg 1 0 0 100 100
pos/00003393_021.jpg 1 0 0 100 100
pos/00000989_000.jpg 1 0 0 100 100
pos/00000071_004.jpg 1 0 0 100 100
pos/00000361_000.jpg 1 0 0 100 100
pos/00000336_000.jpg 1 0 0 100 100
pos/00000537_000.jpg 1 0 0 100 100
pos/00000165_007.jpg 1 0 0 100 100
pos/00000735_000.jpg 1 0 0 100 100
pos/00001085_000.jpg 1 0 0 100 100
pos/00000992_000.jpg 1 0 0 100 100
pos/00003393_025.jpg 1 0 0 100 100
pos/00001382_003.jpg 1 0 0 100 100
pos/00002588_000.jpg 1 0 0 100 100
pos/00000733_000.jpg 1 0 0 100 100
pos/00002668_006.jpg 1 0 0 100 100
pos/00002204_001.jpg 1 0 0 100 100
pos/00001093_003.jpg 1 0 0 100 100
pos/00003126_005.jpg 1 0 0 100 100
pos/00001404_005.jpg 1 0 0 100 100
pos/00001154_003.jpg 1 0 0 100 100
pos/00000164_000.jpg 1 0 0 100 100
pos/00002326_001.jpg 1 0 0 100 100
pos/00003811_003.jpg 1 0 0 100 100
pos/00000849_000.jpg 1 0 0 100 100
pos/00002544_000.jpg 1 0 0 100 100
pos/00003940_008.jpg 1 0 0 100 100
pos/00003455_001.jpg 1 0 0 100 100
pos/00002510_013.jpg 1 0 0 100 100
pos/00003363_003.jpg 1 0 0 100 100
pos/00001023_001.jpg 1 0 0 100 100
pos/00000138_004.jpg 1 0 0 100 100
pos/00000573_012.jpg 1 0 0 100 100
pos/00002264_000.jpg 1 0 0 100 100
pos/00001555_002.jpg 1 0 0 100 100
pos/00001836_125.jpg 1 0 0 100 100
pos/00000781_002.jpg 1 0 0 100 100
pos/00001481_000.jpg 1 0 0 100 100
pos/00001995_001.jpg 1 0 0 100 100
pos/00000157_000.jpg 1 0 0 100 100
pos/00003752_004.jpg 1 0 0 100 100
pos/00003519_001.jpg 1 0 0 100 100
pos/00000556_000.jpg 1 0 0 100 100
pos/00003393_022.jpg 1 0 0 100 100
pos/00000820_009.jpg 1 0 0 100 100
pos/00002451_004.jpg 1 0 0 100 100
pos/00001854_004.jpg 1 0 0 100 100
pos/00001738_002.jpg 1 0 0 100 100
pos/00000383_002.jpg 1 0 0 100 100
pos/00003174_000.jpg 1 0 0 100 100
pos/00000949_004.jpg 1 0 0 100 100
pos/00002513_004.jpg 1 0 0 100 100
pos/00000646_001.jpg 1 0 0 100 100
pos/00003174_011.jpg 1 0 0 100 100
pos/00002544_003.jpg 1 0 0 100 100
pos/00003519_003.jpg 1 0 0 100 100
pos/00001278_014.jpg 1 0 0 100 100
pos/00001654_001.jpg 1 0 0 100 100
pos/00002578_000.jpg 1 0 0 100 100
pos/00000372_013.jpg 1 0 0 100 100
pos/00001395_001.jpg 1 0 0 100 100
pos/00003751_000.jpg 1 0 0 100 100
pos/00001504_014.jpg 1 0 0 100 100
pos/00001286_004.jpg 1 0 0 100 100
pos/00002954_000.jpg 1 0 0 100 100
pos/00003603_000.jpg 1 0 0 100 100
pos/00001286_003.jpg 1 0 0 100 100
pos/00000372_000.jpg 1 0 0 100 100
pos/00001995_005.jpg 1 0 0 100 100
pos/00001722_002.jpg 1 0 0 100 100
pos/00001850_001.jpg 1 0 0 100 100
pos/00002345_002.jpg 1 0 0 100 100
pos/00003126_016.jpg 1 0 0 100 100
pos/00003599_001.jpg 1 0 0 100 100
pos/00003029_002.jpg 1 0 0 100 100
pos/00001089_000.jpg 1 0 0 100 100
pos/00002165_001.jpg 1 0 0 100 100
pos/00000971_002.jpg 1 0 0 100 100
pos/00002194_000.jpg 1 0 0 100 100
pos/00003055_000.jpg 1 0 0 100 100
pos/00001164_000.jpg 1 0 0 100 100
pos/00002111_014.jpg 1 0 0 100 100
pos/00001920_001.jpg 1 0 0 100 100
pos/00003302_000.jpg 1 0 0 100 100
pos/00000093_001.jpg 1 0 0 100 100
pos/00002943_001.jpg 1 0 0 100 100
pos/00002144_000.jpg 1 0 0 100 100
pos/00001006_007.jpg 1 0 0 100 100
pos/00003393_029.jpg 1 0 0 100 100
pos/00001722_000.jpg 1 0 0 100 100
pos/00000971_000.jpg 1 0 0 100 100
pos/00003891_000.jpg 1 0 0 100 100
pos/00003669_002.jpg 1 0 0 100 100
pos/00000199_005.jpg 1 0 0 100 100
pos/00003436_001.jpg 1 0 0 100 100
pos/00003408_001.jpg 1 0 0 100 100
pos/00003503_004.jpg 1 0 0 100 100
pos/00003423_000.jpg 1 0 0 100 100
pos/00001040_001.jpg 1 0 0 100 100
pos/00001738_003.jpg 1 0 0 100 100
pos/00001839_001.jpg 1 0 0 100 100
pos/00002720_025.jpg 1 0 0 100 100
pos/00000963_008.jpg 1 0 0 100 100
pos/00003805_001.jpg 1 0 0 100 100
pos/00002264_002.jpg 1 0 0 100 100
pos/00000399_000.jpg 1 0 0 100 100
pos/00001517_006.jpg 1 0 0 100 100
pos/00000415_000.jpg 1 0 0 100 100
pos/00000383_001.jpg 1 0 0 100 100
pos/00001444_000.jpg 1 0 0 100 100
pos/00003903_000.jpg 1 0 0 100 100
pos/00003490_007.jpg 1 0 0 100 100
pos/00001836_053.jpg 1 0 0 100 100
pos/00002000_004.jpg 1 0 0 100 100
pos/00001832_001.jpg 1 0 0 100 100
pos/00001836_114.jpg 1 0 0 100 100
pos/00000467_005.jpg 1 0 0 100 100
pos/00002426_000.jpg 1 0 0 100 100
pos/00003759_000.jpg 1 0 0 100 100
pos/00001777_001.jpg 1 0 0 100 100
pos/00003899_001.jpg 1 0 0 100 100
pos/00001974_012.jpg 1 0 0 100 100
pos/00001248_005.jpg 1 0 0 100 100
pos/00003896_005.jpg 1 0 0 100 100
pos/00000626_001.jpg 1 0 0 100 100
pos/00001986_000.jpg 1 0 0 100 100
pos/00001673_001.jpg 1 0 0 100 100
pos/00003151_000.jpg 1 0 0 100 100
pos/00002133_002.jpg 1 0 0 100 100
pos/00001781_002.jpg 1 0 0 100 100
pos/00000021_000.jpg 1 0 0 100 100
pos/00003393_016.jpg 1 0 0 100 100
pos/00003067_000.jpg 1 0 0 100 100
pos/00003523_002.jpg 1 0 0 100 100
pos/00000785_001.jpg 1 0 0 100 100
pos/00002422_000.jpg 1 0 0 100 100
pos/00000370_008.jpg 1 0 0 100 100
pos/00003243_000.jpg 1 0 0 100 100
pos/00002722_003.jpg 1 0 0 100 100
pos/00002424_001.jpg 1 0 0 100 100
pos/00002014_002.jpg 1 0 0 100 100
pos/00003061_000.jpg 1 0 0 100 100
pos/00001034_002.jpg 1 0 0 100 100
pos/00000621_005.jpg 1 0 0 100 100
pos/00002275_014.jpg 1 0 0 100 100
pos/00002417_000.jpg 1 0 0 100 100
pos/00003569_003.jpg 1 0 0 100 100
pos/00003528_003.jpg 1 0 0 100 100
pos/00003393_035.jpg 1 0 0 100 100
pos/00003547_001.jpg 1 0 0 100 100
pos/00002509_000.jpg 1 0 0 100 100
pos/00003751_001.jpg 1 0 0 100 100
pos/00003896_001.jpg 1 0 0 100 100
pos/00000071_000.jpg 1 0 0 100 100
pos/00003704_000.jpg 1 0 0 100 100
pos/00001709_000.jpg 1 0 0 100 100
pos/00003851_005.jpg 1 0 0 100 100
pos/00003832_001.jpg 1 0 0 100 100
pos/00002361_001.jpg 1 0 0 100 100
pos/00000499_011.jpg 1 0 0 100 100
pos/00001627_000.jpg 1 0 0 100 100
pos/00000049_000.jpg 1 0 0 100 100
pos/00003315_000.jpg 1 0 0 100 100
pos/00002360_001.jpg 1 0 0 100 100
pos/00001322_001.jpg 1 0 0 100 100
pos/00002360_006.jpg 1 0 0 100 100
pos/00002943_000.jpg 1 0 0 100 100
pos/00001986_009.jpg 1 0 0 100 100
pos/00003523_007.jpg 1 0 0 100 100
pos/00003523_001.jpg 1 0 0 100 100
pos/00001040_000.jpg 1 0 0 100 100
pos/00003868_002.jpg 1 0 0 100 100
pos/00002288_012.jpg 1 0 0 100 100
pos/00002834_003.jpg 1 0 0 100 100
pos/00001995_006.jpg 1 0 0 100 100
pos/00003455_000.jpg 1 0 0 100 100
pos/00000711_008.jpg 1 0 0 100 100
pos/00000105_005.jpg 1 0 0 100 100
pos/00000697_006.jpg 1 0 0 100 100
pos/00000105_004.jpg 1 0 0 100 100
pos/00002919_006.jpg 1 0 0 100 100
pos/00003126_017.jpg 1 0 0 100 100
pos/00001182_003.jpg 1 0 0 100 100
pos/00001075_029.jpg 1 0 0 100 100
pos/00003340_000.jpg 1 0 0 100 100
pos/00003062_008.jpg 1 0 0 100 100
pos/00000954_005.jpg 1 0 0 100 100
pos/00001847_010.jpg 1 0 0 100 100
pos/00002028_000.jpg 1 0 0 100 100
pos/00000756_004.jpg 1 0 0 100 100
pos/00001082_002.jpg 1 0 0 100 100
pos/00002509_015.jpg 1 0 0 100 100
pos/00003604_000.jpg 1 0 0 100 100
pos/00002179_001.jpg 1 0 0 100 100
pos/00000954_002.jpg 1 0 0 100 100
pos/00000840_001.jpg 1 0 0 100 100
pos/00001012_000.jpg 1 0 0 100 100
pos/00003296_000.jpg 1 0 0 100 100
pos/00003393_052.jpg 1 0 0 100 100
pos/00003643_001.jpg 1 0 0 100 100
pos/00001836_100.jpg 1 0 0 100 100
pos/00003279_002.jpg 1 0 0 100 100
pos/00003733_006.jpg 1 0 0 100 100
pos/00002353_003.jpg 1 0 0 100 100
pos/00001836_054.jpg 1 0 0 100 100
pos/00001995_007.jpg 1 0 0 100 100
pos/00000174_002.jpg 1 0 0 100 100
pos/00000569_005.jpg 1 0 0 100 100
pos/00000275_000.jpg 1 0 0 100 100
pos/00001722_008.jpg 1 0 0 100 100
pos/00000008_002.jpg 1 0 0 100 100
pos/00002649_006.jpg 1 0 0 100 100
pos/00000424_000.jpg 1 0 0 100 100
pos/00001093_012.jpg 1 0 0 100 100
pos/00002058_033.jpg 1 0 0 100 100
pos/00000383_000.jpg 1 0 0 100 100
pos/00000545_009.jpg 1 0 0 100 100
pos/00002018_000.jpg 1 0 0 100 100
pos/00001836_136.jpg 1 0 0 100 100
pos/00001093_013.jpg 1 0 0 100 100
pos/00001555_003.jpg 1 0 0 100 100
pos/00002345_000.jpg 1 0 0 100 100
pos/00000766_000.jpg 1 0 0 100 100
pos/00003654_000.jpg 1 0 0 100 100
pos/00000580_000.jpg 1 0 0 100 100
pos/00001014_001.jpg 1 0 0 100 100
pos/00003523_017.jpg 1 0 0 100 100
pos/00001404_000.jpg 1 0 0 100 100
pos/00003393_041.jpg 1 0 0 100 100
pos/00001528_003.jpg 1 0 0 100 100
pos/00000174_005.jpg 1 0 0 100 100
pos/00003851_006.jpg 1 0 0 100 100
pos/00002727_000.jpg 1 0 0 100 100
pos/00002058_001.jpg 1 0 0 100 100
pos/00003737_002.jpg 1 0 0 100 100
pos/00003503_002.jpg 1 0 0 100 100
pos/00003522_000.jpg 1 0 0 100 100
pos/00003393_015.jpg 1 0 0 100 100
pos/00002701_009.jpg 1 0 0 100 100
pos/00001320_001.jpg 1 0 0 100 100
pos/00000322_007.jpg 1 0 0 100 100
pos/00002527_000.jpg 1 0 0 100 100
pos/00003547_003.jpg 1 0 0 100 100
pos/00002547_009.jpg 1 0 0 100 100
pos/00001722_001.jpg 1 0 0 100 100
pos/00003589_000.jpg 1 0 0 100 100
pos/00003599_002.jpg 1 0 0 100 100
pos/00002547_008.jpg 1 0 0 100 100
pos/00000779_000.jpg 1 0 0 100 100
pos/00000634_004.jpg 1 0 0 100 100
pos/00002364_001.jpg 1 0 0 100 100
pos/00002547_004.jpg 1 0 0 100 100
pos/00000721_000.jpg 1 0 0 100 100
pos/00001381_002.jpg 1 0 0 100 100
pos/00002723_009.jpg 1 0 0 100 100
pos/00002345_003.jpg 1 0 0 100 100
pos/00003519_000.jpg 1 0 0 100 100
pos/00003393_006.jpg 1 0 0 100 100
pos/00002010_001.jpg 1 0 0 100 100
pos/00002066_014.jpg 1 0 0 100 100
pos/00000716_000.jpg 1 0 0 100 100
pos/00001673_002.jpg 1 0 0 100 100
pos/00000091_001.jpg 1 0 0 100 100
pos/00003126_015.jpg 1 0 0 100 100
pos/00003285_001.jpg 1 0 0 100 100
pos/00003393_028.jpg 1 0 0 100 100
pos/00002756_011.jpg 1 0 0 100 100
pos/00001333_000.jpg 1 0 0 100 100
pos/00000101_000.jpg 1 0 0 100 100
pos/00001908_000.jpg 1 0 0 100 100
pos/00002099_000.jpg 1 0 0 100 100
pos/00002720_020.jpg 1 0 0 100 100
pos/00003846_000.jpg 1 0 0 100 100
pos/00000963_016.jpg 1 0 0 100 100
pos/00001031_000.jpg 1 0 0 100 100
pos/00002657_000.jpg 1 0 0 100 100
pos/00000372_007.jpg 1 0 0 100 100
pos/00001968_004.jpg 1 0 0 100 100
pos/00000714_001.jpg 1 0 0 100 100
pos/00003550_000.jpg 1 0 0 100 100
pos/00003868_000.jpg 1 0 0 100 100
pos/00003273_000.jpg 1 0 0 100 100
pos/00002203_000.jpg 1 0 0 100 100
pos/00003296_002.jpg 1 0 0 100 100
pos/00000200_000.jpg 1 0 0 100 100
pos/00000344_004.jpg 1 0 0 100 100
pos/00000744_001.jpg 1 0 0 100 100
pos/00002431_000.jpg 1 0 0 100 100
pos/00000640_001.jpg 1 0 0 100 100
pos/00000711_010.jpg 1 0 0 100 100
pos/00003393_027.jpg 1 0 0 100 100
pos/00001397_005.jpg 1 0 0 100 100
pos/00003326_003.jpg 1 0 0 100 100
pos/00000250_003.jpg 1 0 0 100 100
pos/00001584_003.jpg 1 0 0 100 100
pos/00001772_001.jpg 1 0 0 100 100
pos/00002716_000.jpg 1 0 0 100 100
pos/00003002_010.jpg 1 0 0 100 100
pos/00001728_000.jpg 1 0 0 100 100
pos/00003393_005.jpg 1 0 0 100 100
pos/00000889_000.jpg 1 0 0 100 100
pos/00000902_004.jpg 1 0 0 100 100
pos/00002721_000.jpg 1 0 0 100 100
pos/00001974_011.jpg 1 0 0 100 100
pos/00002885_003.jpg 1 0 0 100 100
pos/00001278_004.jpg 1 0 0 100 100
