pos/00002523_001.jpg 1 0 0 100 100
pos/00004858_081.jpg 1 0 0 100 100
pos/00001501_003.jpg 1 0 0 100 100
pos/00005935_000.jpg 1 0 0 100 100
pos/00005246_000.jpg 1 0 0 100 100
pos/00002361_013.jpg 1 0 0 100 100
pos/00006074_000.jpg 1 0 0 100 100
pos/00003300_012.jpg 1 0 0 100 100
pos/00005785_001.jpg 1 0 0 100 100
pos/00000827_005.jpg 1 0 0 100 100
pos/00005794_000.jpg 1 0 0 100 100
pos/00000627_036.jpg 1 0 0 100 100
pos/00001483_000.jpg 1 0 0 100 100
pos/00005578_003.jpg 1 0 0 100 100
pos/00004547_002.jpg 1 0 0 100 100
pos/00000013_024.jpg 1 0 0 100 100
pos/00000693_004.jpg 1 0 0 100 100
pos/00005348_015.jpg 1 0 0 100 100
pos/00003221_007.jpg 1 0 0 100 100
pos/00005977_012.jpg 1 0 0 100 100
pos/00004302_000.jpg 1 0 0 100 100
pos/00002008_000.jpg 1 0 0 100 100
pos/00004840_000.jpg 1 0 0 100 100
pos/00005467_002.jpg 1 0 0 100 100
pos/00001410_002.jpg 1 0 0 100 100
pos/00004665_003.jpg 1 0 0 100 100
pos/00000248_016.jpg 1 0 0 100 100
pos/00001836_034.jpg 1 0 0 100 100
pos/00004132_005.jpg 1 0 0 100 100
pos/00002613_001.jpg 1 0 0 100 100
pos/00004872_000.jpg 1 0 0 100 100
pos/00002759_001.jpg 1 0 0 100 100
pos/00005952_001.jpg 1 0 0 100 100
pos/00001248_019.jpg 1 0 0 100 100
pos/00002419_003.jpg 1 0 0 100 100
pos/00001637_010.jpg 1 0 0 100 100
pos/00003490_002.jpg 1 0 0 100 100
pos/00005578_002.jpg 1 0 0 100 100
pos/00005388_002.jpg 1 0 0 100 100
pos/00002361_011.jpg 1 0 0 100 100
pos/00001145_003.jpg 1 0 0 100 100
pos/00005952_000.jpg 1 0 0 100 100
pos/00000248_017.jpg 1 0 0 100 100
pos/00005793_002.jpg 1 0 0 100 100
pos/00000618_001.jpg 1 0 0 100 100
pos/00006116_002.jpg 1 0 0 100 100
pos/00000443_005.jpg 1 0 0 100 100
pos/00005642_002.jpg 1 0 0 100 100
pos/00004519_007.jpg 1 0 0 100 100
pos/00005952_002.jpg 1 0 0 100 100
pos/00003423_018.jpg 1 0 0 100 100
pos/00001643_003.jpg 1 0 0 100 100
pos/00004382_000.jpg 1 0 0 100 100
pos/00003100_006.jpg 1 0 0 100 100
pos/00003758_001.jpg 1 0 0 100 100
pos/00005798_003.jpg 1 0 0 100 100
pos/00004581_003.jpg 1 0 0 100 100
pos/00001410_003.jpg 1 0 0 100 100
pos/00001900_021.jpg 1 0 0 100 100
pos/00002510_007.jpg 1 0 0 100 100
pos/00001182_010.jpg 1 0 0 100 100
pos/00005969_001.jpg 1 0 0 100 100
pos/00000250_004.jpg 1 0 0 100 100
pos/00000618_002.jpg 1 0 0 100 100
pos/00004519_015.jpg 1 0 0 100 100
pos/00001517_009.jpg 1 0 0 100 100
pos/00002383_002.jpg 1 0 0 100 100
pos/00000248_013.jpg 1 0 0 100 100
pos/00003599_000.jpg 1 0 0 100 100
pos/00001187_005.jpg 1 0 0 100 100
pos/00003086_003.jpg 1 0 0 100 100
pos/00003879_000.jpg 1 0 0 100 100
pos/00006010_002.jpg 1 0 0 100 100
pos/00003870_000.jpg 1 0 0 100 100
pos/00000983_000.jpg 1 0 0 100 100
pos/00005628_000.jpg 1 0 0 100 100
pos/00006116_000.jpg 1 0 0 100 100
pos/00004094_001.jpg 1 0 0 100 100
pos/00004436_010.jpg 1 0 0 100 100
pos/00004911_000.jpg 1 0 0 100 100
pos/00002510_001.jpg 1 0 0 100 100
pos/00003045_003.jpg 1 0 0 100 100
pos/00003221_004.jpg 1 0 0 100 100
pos/00001187_002.jpg 1 0 0 100 100
pos/00005460_011.jpg 1 0 0 100 100
pos/00005467_008.jpg 1 0 0 100 100
pos/00002207_001.jpg 1 0 0 100 100
pos/00003221_012.jpg 1 0 0 100 100
pos/00004665_001.jpg 1 0 0 100 100
pos/00005722_038.jpg 1 0 0 100 100
pos/00005298_012.jpg 1 0 0 100 100
pos/00002661_001.jpg 1 0 0 100 100
pos/00001410_004.jpg 1 0 0 100 100
pos/00005730_000.jpg 1 0 0 100 100
pos/00003377_010.jpg 1 0 0 100 100
pos/00006083_001.jpg 1 0 0 100 100
pos/00000416_001.jpg 1 0 0 100 100
pos/00004808_080.jpg 1 0 0 100 100
pos/00005512_005.jpg 1 0 0 100 100
pos/00000624_001.jpg 1 0 0 100 100
pos/00000071_008.jpg 1 0 0 100 100
pos/00000091_003.jpg 1 0 0 100 100
pos/00002613_002.jpg 1 0 0 100 100
pos/00001787_008.jpg 1 0 0 100 100
pos/00005221_003.jpg 1 0 0 100 100
pos/00004858_084.jpg 1 0 0 100 100
pos/00003974_003.jpg 1 0 0 100 100
pos/00001668_000.jpg 1 0 0 100 100
pos/00004957_002.jpg 1 0 0 100 100
pos/00005505_002.jpg 1 0 0 100 100
pos/00001034_000.jpg 1 0 0 100 100
pos/00004712_000.jpg 1 0 0 100 100
pos/00000322_003.jpg 1 0 0 100 100
pos/00005014_011.jpg 1 0 0 100 100
pos/00003765_001.jpg 1 0 0 100 100
pos/00005410_000.jpg 1 0 0 100 100
pos/00004156_001.jpg 1 0 0 100 100
pos/00003421_000.jpg 1 0 0 100 100
pos/00004436_007.jpg 1 0 0 100 100
pos/00005505_001.jpg 1 0 0 100 100
pos/00006113_002.jpg 1 0 0 100 100
pos/00003470_003.jpg 1 0 0 100 100
pos/00005935_005.jpg 1 0 0 100 100
pos/00004436_008.jpg 1 0 0 100 100
pos/00004117_000.jpg 1 0 0 100 100
pos/00005785_002.jpg 1 0 0 100 100
pos/00005909_003.jpg 1 0 0 100 100
pos/00005460_001.jpg 1 0 0 100 100
pos/00005348_011.jpg 1 0 0 100 100
pos/00002201_008.jpg 1 0 0 100 100
pos/00005950_000.jpg 1 0 0 100 100
pos/00000711_005.jpg 1 0 0 100 100
pos/00004665_000.jpg 1 0 0 100 100
pos/00002870_000.jpg 1 0 0 100 100
pos/00000061_001.jpg 1 0 0 100 100
pos/00000618_007.jpg 1 0 0 100 100
pos/00002361_012.jpg 1 0 0 100 100
pos/00002466_005.jpg 1 0 0 100 100
pos/00005885_000.jpg 1 0 0 100 100
pos/00005721_002.jpg 1 0 0 100 100
pos/00005348_010.jpg 1 0 0 100 100
pos/00001248_018.jpg 1 0 0 100 100
pos/00004858_041.jpg 1 0 0 100 100
pos/00004911_024.jpg 1 0 0 100 100
pos/00005970_007.jpg 1 0 0 100 100
pos/00004911_008.jpg 1 0 0 100 100
pos/00001005_000.jpg 1 0 0 100 100
pos/00004416_000.jpg 1 0 0 100 100
pos/00004532_003.jpg 1 0 0 100 100
pos/00002279_000.jpg 1 0 0 100 100
pos/00003681_005.jpg 1 0 0 100 100
pos/00004665_004.jpg 1 0 0 100 100
pos/00002699_000.jpg 1 0 0 100 100
pos/00002702_000.jpg 1 0 0 100 100
pos/00005676_001.jpg 1 0 0 100 100
pos/00004547_005.jpg 1 0 0 100 100
pos/00001808_001.jpg 1 0 0 100 100
pos/00005793_000.jpg 1 0 0 100 100
pos/00001187_003.jpg 1 0 0 100 100
pos/00000250_015.jpg 1 0 0 100 100
pos/00001349_000.jpg 1 0 0 100 100
pos/00000248_024.jpg 1 0 0 100 100
pos/00000103_008.jpg 1 0 0 100 100
pos/00005872_000.jpg 1 0 0 100 100
pos/00005110_005.jpg 1 0 0 100 100
pos/00005632_002.jpg 1 0 0 100 100
pos/00004436_006.jpg 1 0 0 100 100
pos/00005110_006.jpg 1 0 0 100 100
pos/00004904_000.jpg 1 0 0 100 100
pos/00003752_003.jpg 1 0 0 100 100
pos/00000618_006.jpg 1 0 0 100 100
pos/00000326_000.jpg 1 0 0 100 100
pos/00000416_008.jpg 1 0 0 100 100
pos/00002878_012.jpg 1 0 0 100 100
pos/00005395_000.jpg 1 0 0 100 100
pos/00002510_003.jpg 1 0 0 100 100
pos/00005325_000.jpg 1 0 0 100 100
pos/00005721_003.jpg 1 0 0 100 100
pos/00005904_000.jpg 1 0 0 100 100
pos/00000601_000.jpg 1 0 0 100 100
pos/00005991_008.jpg 1 0 0 100 100
pos/00005335_000.jpg 1 0 0 100 100
pos/00004605_020.jpg 1 0 0 100 100
pos/00001900_014.jpg 1 0 0 100 100
pos/00000711_007.jpg 1 0 0 100 100
pos/00004014_000.jpg 1 0 0 100 100
pos/00001833_012.jpg 1 0 0 100 100
pos/00005632_000.jpg 1 0 0 100 100
pos/00000710_004.jpg 1 0 0 100 100
pos/00001719_001.jpg 1 0 0 100 100
pos/00002466_006.jpg 1 0 0 100 100
pos/00003556_000.jpg 1 0 0 100 100
pos/00005467_003.jpg 1 0 0 100 100
pos/00001483_020.jpg 1 0 0 100 100
pos/00002073_000.jpg 1 0 0 100 100
pos/00003150_001.jpg 1 0 0 100 100
pos/00002361_015.jpg 1 0 0 100 100
pos/00003658_011.jpg 1 0 0 100 100
pos/00001948_000.jpg 1 0 0 100 100
pos/00002361_006.jpg 1 0 0 100 100
pos/00002073_002.jpg 1 0 0 100 100
pos/00003981_001.jpg 1 0 0 100 100
pos/00005410_004.jpg 1 0 0 100 100
pos/00004858_046.jpg 1 0 0 100 100
pos/00002104_000.jpg 1 0 0 100 100
pos/00005014_012.jpg 1 0 0 100 100
pos/00001017_000.jpg 1 0 0 100 100
pos/00004163_001.jpg 1 0 0 100 100
pos/00004104_000.jpg 1 0 0 100 100
pos/00005296_000.jpg 1 0 0 100 100
pos/00004094_000.jpg 1 0 0 100 100
pos/00003187_000.jpg 1 0 0 100 100
pos/00003423_010.jpg 1 0 0 100 100
pos/00002510_002.jpg 1 0 0 100 100
pos/00002361_003.jpg 1 0 0 100 100
pos/00000959_001.jpg 1 0 0 100 100
pos/00005318_002.jpg 1 0 0 100 100
pos/00000079_000.jpg 1 0 0 100 100
pos/00005794_002.jpg 1 0 0 100 100
pos/00004532_000.jpg 1 0 0 100 100
pos/00000711_006.jpg 1 0 0 100 100
pos/00003129_002.jpg 1 0 0 100 100
pos/00005785_000.jpg 1 0 0 100 100
pos/00005512_003.jpg 1 0 0 100 100
pos/00004621_000.jpg 1 0 0 100 100
pos/00001119_000.jpg 1 0 0 100 100
pos/00003377_009.jpg 1 0 0 100 100
pos/00004156_000.jpg 1 0 0 100 100
pos/00000963_015.jpg 1 0 0 100 100
pos/00002413_004.jpg 1 0 0 100 100
pos/00004436_009.jpg 1 0 0 100 100
pos/00001808_000.jpg 1 0 0 100 100
pos/00001075_004.jpg 1 0 0 100 100
pos/00004439_000.jpg 1 0 0 100 100
pos/00002510_004.jpg 1 0 0 100 100
pos/00003187_001.jpg 1 0 0 100 100
pos/00004169_001.jpg 1 0 0 100 100
pos/00004858_021.jpg 1 0 0 100 100
pos/00005793_001.jpg 1 0 0 100 100
pos/00000491_021.jpg 1 0 0 100 100
pos/00004592_000.jpg 1 0 0 100 100
pos/00002510_005.jpg 1 0 0 100 100
pos/00001951_019.jpg 1 0 0 100 100
pos/00002046_005.jpg 1 0 0 100 100
pos/00000248_018.jpg 1 0 0 100 100
pos/00001182_008.jpg 1 0 0 100 100
pos/00002927_000.jpg 1 0 0 100 100
pos/00003533_001.jpg 1 0 0 100 100
pos/00004858_083.jpg 1 0 0 100 100
pos/00003126_020.jpg 1 0 0 100 100
pos/00005244_000.jpg 1 0 0 100 100
pos/00002867_000.jpg 1 0 0 100 100
pos/00000711_000.jpg 1 0 0 100 100
pos/00005298_013.jpg 1 0 0 100 100
pos/00002840_001.jpg 1 0 0 100 100
pos/00000248_015.jpg 1 0 0 100 100
pos/00001615_001.jpg 1 0 0 100 100
pos/00002361_010.jpg 1 0 0 100 100
pos/00001410_000.jpg 1 0 0 100 100
pos/00004222_000.jpg 1 0 0 100 100
pos/00003367_005.jpg 1 0 0 100 100
pos/00006113_001.jpg 1 0 0 100 100
pos/00003635_000.jpg 1 0 0 100 100
pos/00003580_003.jpg 1 0 0 100 100
pos/00000372_001.jpg 1 0 0 100 100
pos/00001158_001.jpg 1 0 0 100 100
pos/00005515_000.jpg 1 0 0 100 100
pos/00002466_002.jpg 1 0 0 100 100
pos/00006041_001.jpg 1 0 0 100 100
pos/00006072_000.jpg 1 0 0 100 100
pos/00005252_000.jpg 1 0 0 100 100
pos/00006072_003.jpg 1 0 0 100 100
pos/00004911_006.jpg 1 0 0 100 100
pos/00002722_001.jpg 1 0 0 100 100
pos/00004858_082.jpg 1 0 0 100 100
pos/00003377_011.jpg 1 0 0 100 100
pos/00004928_006.jpg 1 0 0 100 100
pos/00004767_000.jpg 1 0 0 100 100
pos/00005505_000.jpg 1 0 0 100 100
pos/00004465_000.jpg 1 0 0 100 100
pos/00000400_000.jpg 1 0 0 100 100
pos/00004519_014.jpg 1 0 0 100 100
pos/00004532_002.jpg 1 0 0 100 100
pos/00004928_005.jpg 1 0 0 100 100
pos/00005638_002.jpg 1 0 0 100 100
pos/00004435_002.jpg 1 0 0 100 100
pos/00003894_008.jpg 1 0 0 100 100
pos/00005760_000.jpg 1 0 0 100 100
pos/00001836_044.jpg 1 0 0 100 100
pos/00004094_009.jpg 1 0 0 100 100
pos/00001900_015.jpg 1 0 0 100 100
pos/00001836_006.jpg 1 0 0 100 100
pos/00003233_005.jpg 1 0 0 100 100
pos/00004833_004.jpg 1 0 0 100 100
pos/00002111_004.jpg 1 0 0 100 100
pos/00005442_000.jpg 1 0 0 100 100
pos/00001637_008.jpg 1 0 0 100 100
pos/00001875_001.jpg 1 0 0 100 100
pos/00003241_000.jpg 1 0 0 100 100
pos/00002207_002.jpg 1 0 0 100 100
pos/00003341_000.jpg 1 0 0 100 100
pos/00000592_002.jpg 1 0 0 100 100
pos/00000103_000.jpg 1 0 0 100 100
pos/00002230_000.jpg 1 0 0 100 100
pos/00004738_002.jpg 1 0 0 100 100
pos/00003746_001.jpg 1 0 0 100 100
pos/00001014_000.jpg 1 0 0 100 100
pos/00001075_024.jpg 1 0 0 100 100
pos/00001637_009.jpg 1 0 0 100 100
pos/00005279_000.jpg 1 0 0 100 100
pos/00000248_023.jpg 1 0 0 100 100
pos/00004605_012.jpg 1 0 0 100 100
pos/00002361_002.jpg 1 0 0 100 100
pos/00002238_002.jpg 1 0 0 100 100
pos/00003837_001.jpg 1 0 0 100 100
pos/00000592_000.jpg 1 0 0 100 100
pos/00004722_002.jpg 1 0 0 100 100
pos/00005218_001.jpg 1 0 0 100 100
pos/00001214_000.jpg 1 0 0 100 100
pos/00002201_007.jpg 1 0 0 100 100
pos/00006142_000.jpg 1 0 0 100 100
pos/00002032_014.jpg 1 0 0 100 100
