pos/00002509_018.jpg 1 0 0 100 100
pos/00002090_003.jpg 1 0 0 100 100
pos/00002846_004.jpg 1 0 0 100 100
pos/00000118_010.jpg 1 0 0 100 100
pos/00002925_001.jpg 1 0 0 100 100
pos/00003072_022.jpg 1 0 0 100 100
pos/00003393_054.jpg 1 0 0 100 100
pos/00000368_003.jpg 1 0 0 100 100
pos/00002544_004.jpg 1 0 0 100 100
pos/00001833_007.jpg 1 0 0 100 100
pos/00003072_029.jpg 1 0 0 100 100
pos/00002786_000.jpg 1 0 0 100 100
pos/00002090_004.jpg 1 0 0 100 100
pos/00003513_007.jpg 1 0 0 100 100
pos/00001724_012.jpg 1 0 0 100 100
pos/00003337_002.jpg 1 0 0 100 100
pos/00003011_004.jpg 1 0 0 100 100
pos/00000502_006.jpg 1 0 0 100 100
pos/00002868_003.jpg 1 0 0 100 100
pos/00003337_004.jpg 1 0 0 100 100
pos/00003423_019.jpg 1 0 0 100 100
pos/00000231_003.jpg 1 0 0 100 100
pos/00002316_006.jpg 1 0 0 100 100
pos/00001006_001.jpg 1 0 0 100 100
pos/00002786_001.jpg 1 0 0 100 100
pos/00003468_012.jpg 1 0 0 100 100
pos/00003233_001.jpg 1 0 0 100 100
pos/00000013_039.jpg 1 0 0 100 100
pos/00002954_006.jpg 1 0 0 100 100
pos/00002143_000.jpg 1 0 0 100 100
pos/00003517_001.jpg 1 0 0 100 100
pos/00001029_003.jpg 1 0 0 100 100
pos/00002206_006.jpg 1 0 0 100 100
pos/00001484_000.jpg 1 0 0 100 100
pos/00001894_004.jpg 1 0 0 100 100
pos/00002649_003.jpg 1 0 0 100 100
pos/00001170_023.jpg 1 0 0 100 100
pos/00003126_007.jpg 1 0 0 100 100
pos/00002757_001.jpg 1 0 0 100 100
pos/00003022_008.jpg 1 0 0 100 100
pos/00003191_001.jpg 1 0 0 100 100
pos/00003126_013.jpg 1 0 0 100 100
pos/00003062_004.jpg 1 0 0 100 100
pos/00003403_000.jpg 1 0 0 100 100
pos/00002206_007.jpg 1 0 0 100 100
pos/00000013_013.jpg 1 0 0 100 100
pos/00000116_012.jpg 1 0 0 100 100
pos/00001833_003.jpg 1 0 0 100 100
pos/00003005_015.jpg 1 0 0 100 100
pos/00003072_015.jpg 1 0 0 100 100
pos/00000103_003.jpg 1 0 0 100 100
pos/00001248_036.jpg 1 0 0 100 100
pos/00000491_013.jpg 1 0 0 100 100
pos/00002878_003.jpg 1 0 0 100 100
pos/00001974_003.jpg 1 0 0 100 100
pos/00003423_021.jpg 1 0 0 100 100
pos/00002668_003.jpg 1 0 0 100 100
pos/00000643_006.jpg 1 0 0 100 100
pos/00001484_003.jpg 1 0 0 100 100
pos/00002469_005.jpg 1 0 0 100 100
pos/00000246_008.jpg 1 0 0 100 100
pos/00002290_003.jpg 1 0 0 100 100
pos/00001724_009.jpg 1 0 0 100 100
pos/00003028_077.jpg 1 0 0 100 100
pos/00003494_001.jpg 1 0 0 100 100
pos/00003028_075.jpg 1 0 0 100 100
pos/00001416_003.jpg 1 0 0 100 100
pos/00002090_001.jpg 1 0 0 100 100
pos/00000285_006.jpg 1 0 0 100 100
pos/00001972_000.jpg 1 0 0 100 100
pos/00001698_003.jpg 1 0 0 100 100
pos/00001006_019.jpg 1 0 0 100 100
pos/00001583_012.jpg 1 0 0 100 100
pos/00001170_015.jpg 1 0 0 100 100
pos/00002032_013.jpg 1 0 0 100 100
pos/00002544_001.jpg 1 0 0 100 100
pos/00001806_007.jpg 1 0 0 100 100
pos/00003348_001.jpg 1 0 0 100 100
pos/00001429_004.jpg 1 0 0 100 100
pos/00000118_009.jpg 1 0 0 100 100
pos/00000372_003.jpg 1 0 0 100 100
pos/00002355_006.jpg 1 0 0 100 100
pos/00003028_073.jpg 1 0 0 100 100
pos/00000013_036.jpg 1 0 0 100 100
pos/00002787_001.jpg 1 0 0 100 100
pos/00002722_009.jpg 1 0 0 100 100
pos/00000071_001.jpg 1 0 0 100 100
pos/00001194_000.jpg 1 0 0 100 100
pos/00002796_010.jpg 1 0 0 100 100
pos/00001286_005.jpg 1 0 0 100 100
pos/00001469_000.jpg 1 0 0 100 100
pos/00002509_010.jpg 1 0 0 100 100
pos/00003207_000.jpg 1 0 0 100 100
pos/00001951_003.jpg 1 0 0 100 100
pos/00001170_039.jpg 1 0 0 100 100
pos/00000865_000.jpg 1 0 0 100 100
pos/00002316_011.jpg 1 0 0 100 100
pos/00002649_015.jpg 1 0 0 100 100
pos/00003348_000.jpg 1 0 0 100 100
pos/00000013_020.jpg 1 0 0 100 100
pos/00003215_000.jpg 1 0 0 100 100
pos/00000118_011.jpg 1 0 0 100 100
pos/00001170_036.jpg 1 0 0 100 100
pos/00001968_000.jpg 1 0 0 100 100
pos/00000322_010.jpg 1 0 0 100 100
pos/00003527_001.jpg 1 0 0 100 100
pos/00000493_000.jpg 1 0 0 100 100
pos/00001170_040.jpg 1 0 0 100 100
pos/00003400_005.jpg 1 0 0 100 100
pos/00002176_005.jpg 1 0 0 100 100
pos/00000013_011.jpg 1 0 0 100 100
pos/00003527_006.jpg 1 0 0 100 100
pos/00002492_002.jpg 1 0 0 100 100
pos/00002219_006.jpg 1 0 0 100 100
pos/00000417_005.jpg 1 0 0 100 100
pos/00003233_008.jpg 1 0 0 100 100
pos/00000013_012.jpg 1 0 0 100 100
pos/00001762_005.jpg 1 0 0 100 100
pos/00002176_002.jpg 1 0 0 100 100
pos/00000491_011.jpg 1 0 0 100 100
pos/00000467_013.jpg 1 0 0 100 100
pos/00001611_002.jpg 1 0 0 100 100
pos/00002509_007.jpg 1 0 0 100 100
pos/00000631_004.jpg 1 0 0 100 100
pos/00002080_005.jpg 1 0 0 100 100
pos/00002201_001.jpg 1 0 0 100 100
pos/00001429_002.jpg 1 0 0 100 100
pos/00003005_017.jpg 1 0 0 100 100
pos/00003190_022.jpg 1 0 0 100 100
pos/00002355_002.jpg 1 0 0 100 100
pos/00002666_008.jpg 1 0 0 100 100
pos/00002460_000.jpg 1 0 0 100 100
pos/00001984_003.jpg 1 0 0 100 100
pos/00001951_015.jpg 1 0 0 100 100
pos/00000416_004.jpg 1 0 0 100 100
pos/00002299_002.jpg 1 0 0 100 100
pos/00000118_005.jpg 1 0 0 100 100
pos/00003028_076.jpg 1 0 0 100 100
pos/00001006_022.jpg 1 0 0 100 100
pos/00000832_005.jpg 1 0 0 100 100
pos/00001429_003.jpg 1 0 0 100 100
pos/00002176_008.jpg 1 0 0 100 100
pos/00000859_002.jpg 1 0 0 100 100
pos/00002176_007.jpg 1 0 0 100 100
pos/00000468_018.jpg 1 0 0 100 100
pos/00003527_009.jpg 1 0 0 100 100
pos/00003126_011.jpg 1 0 0 100 100
pos/00001194_005.jpg 1 0 0 100 100
pos/00003527_007.jpg 1 0 0 100 100
pos/00003337_001.jpg 1 0 0 100 100
pos/00002316_007.jpg 1 0 0 100 100
pos/00003330_002.jpg 1 0 0 100 100
pos/00000416_003.jpg 1 0 0 100 100
pos/00001583_014.jpg 1 0 0 100 100
pos/00002722_005.jpg 1 0 0 100 100
pos/00002174_000.jpg 1 0 0 100 100
pos/00003330_004.jpg 1 0 0 100 100
pos/00001946_011.jpg 1 0 0 100 100
pos/00001561_002.jpg 1 0 0 100 100
pos/00002206_009.jpg 1 0 0 100 100
pos/00003066_000.jpg 1 0 0 100 100
pos/00001583_009.jpg 1 0 0 100 100
pos/00000261_004.jpg 1 0 0 100 100
pos/00001170_035.jpg 1 0 0 100 100
pos/00002316_008.jpg 1 0 0 100 100
pos/00001561_003.jpg 1 0 0 100 100
pos/00001437_022.jpg 1 0 0 100 100
pos/00000275_003.jpg 1 0 0 100 100
pos/00000468_016.jpg 1 0 0 100 100
pos/00001698_020.jpg 1 0 0 100 100
pos/00002766_001.jpg 1 0 0 100 100
pos/00002106_001.jpg 1 0 0 100 100
pos/00000090_009.jpg 1 0 0 100 100
pos/00002290_004.jpg 1 0 0 100 100
pos/00001805_000.jpg 1 0 0 100 100
pos/00000467_014.jpg 1 0 0 100 100
pos/00003026_001.jpg 1 0 0 100 100
pos/00000827_017.jpg 1 0 0 100 100
pos/00003468_002.jpg 1 0 0 100 100
pos/00001170_034.jpg 1 0 0 100 100
pos/00003062_003.jpg 1 0 0 100 100
pos/00002316_009.jpg 1 0 0 100 100
pos/00002411_012.jpg 1 0 0 100 100
pos/00001984_004.jpg 1 0 0 100 100
pos/00001170_024.jpg 1 0 0 100 100
pos/00001756_011.jpg 1 0 0 100 100
pos/00000827_020.jpg 1 0 0 100 100
pos/00001006_020.jpg 1 0 0 100 100
pos/00002042_001.jpg 1 0 0 100 100
pos/00001972_001.jpg 1 0 0 100 100
pos/00001724_001.jpg 1 0 0 100 100
pos/00001376_008.jpg 1 0 0 100 100
pos/00000296_000.jpg 1 0 0 100 100
pos/00000865_001.jpg 1 0 0 100 100
pos/00000416_005.jpg 1 0 0 100 100
pos/00002796_002.jpg 1 0 0 100 100
pos/00001583_013.jpg 1 0 0 100 100
pos/00001946_029.jpg 1 0 0 100 100
pos/00002146_002.jpg 1 0 0 100 100
pos/00001583_003.jpg 1 0 0 100 100
pos/00002454_000.jpg 1 0 0 100 100
pos/00001996_011.jpg 1 0 0 100 100
pos/00001170_041.jpg 1 0 0 100 100
pos/00003527_000.jpg 1 0 0 100 100
pos/00001397_012.jpg 1 0 0 100 100
pos/00000643_005.jpg 1 0 0 100 100
pos/00002649_011.jpg 1 0 0 100 100
pos/00000285_005.jpg 1 0 0 100 100
pos/00002146_007.jpg 1 0 0 100 100
pos/00000013_033.jpg 1 0 0 100 100
pos/00003072_013.jpg 1 0 0 100 100
pos/00003400_004.jpg 1 0 0 100 100
pos/00003337_003.jpg 1 0 0 100 100
pos/00002846_005.jpg 1 0 0 100 100
pos/00002299_010.jpg 1 0 0 100 100
pos/00000416_006.jpg 1 0 0 100 100
pos/00002825_007.jpg 1 0 0 100 100
pos/00002212_006.jpg 1 0 0 100 100
pos/00000468_006.jpg 1 0 0 100 100
pos/00002579_000.jpg 1 0 0 100 100
pos/00001170_012.jpg 1 0 0 100 100
pos/00002251_009.jpg 1 0 0 100 100
pos/00002825_011.jpg 1 0 0 100 100
pos/00002509_009.jpg 1 0 0 100 100
pos/00002649_005.jpg 1 0 0 100 100
pos/00002356_009.jpg 1 0 0 100 100
pos/00002176_010.jpg 1 0 0 100 100
pos/00003002_002.jpg 1 0 0 100 100
pos/00002547_012.jpg 1 0 0 100 100
pos/00001583_007.jpg 1 0 0 100 100
pos/00003423_011.jpg 1 0 0 100 100
pos/00003126_010.jpg 1 0 0 100 100
pos/00001772_009.jpg 1 0 0 100 100
pos/00001006_024.jpg 1 0 0 100 100
pos/00001483_006.jpg 1 0 0 100 100
pos/00001484_002.jpg 1 0 0 100 100
pos/00002513_002.jpg 1 0 0 100 100
pos/00000643_007.jpg 1 0 0 100 100
pos/00002817_009.jpg 1 0 0 100 100
pos/00003527_005.jpg 1 0 0 100 100
pos/00002355_004.jpg 1 0 0 100 100
pos/00003062_006.jpg 1 0 0 100 100
pos/00002356_000.jpg 1 0 0 100 100
pos/00000211_023.jpg 1 0 0 100 100
pos/00000296_002.jpg 1 0 0 100 100
pos/00002456_000.jpg 1 0 0 100 100
pos/00001561_001.jpg 1 0 0 100 100
pos/00002817_007.jpg 1 0 0 100 100
pos/00001006_000.jpg 1 0 0 100 100
pos/00002405_004.jpg 1 0 0 100 100
pos/00002331_001.jpg 1 0 0 100 100
pos/00002939_003.jpg 1 0 0 100 100
pos/00001896_000.jpg 1 0 0 100 100
pos/00002176_006.jpg 1 0 0 100 100
pos/00002290_005.jpg 1 0 0 100 100
pos/00002042_003.jpg 1 0 0 100 100
pos/00003162_002.jpg 1 0 0 100 100
pos/00003233_007.jpg 1 0 0 100 100
pos/00001806_009.jpg 1 0 0 100 100
pos/00001583_015.jpg 1 0 0 100 100
pos/00003400_003.jpg 1 0 0 100 100
pos/00002666_000.jpg 1 0 0 100 100
pos/00002868_004.jpg 1 0 0 100 100
pos/00002817_012.jpg 1 0 0 100 100
pos/00002924_001.jpg 1 0 0 100 100
pos/00000468_014.jpg 1 0 0 100 100
pos/00001583_005.jpg 1 0 0 100 100
pos/00001170_028.jpg 1 0 0 100 100
pos/00003436_003.jpg 1 0 0 100 100
pos/00002146_001.jpg 1 0 0 100 100
pos/00002509_019.jpg 1 0 0 100 100
pos/00002722_006.jpg 1 0 0 100 100
pos/00002316_010.jpg 1 0 0 100 100
pos/00002058_007.jpg 1 0 0 100 100
pos/00001806_004.jpg 1 0 0 100 100
pos/00002929_000.jpg 1 0 0 100 100
pos/00001583_011.jpg 1 0 0 100 100
pos/00000416_007.jpg 1 0 0 100 100
pos/00000547_006.jpg 1 0 0 100 100
pos/00002796_000.jpg 1 0 0 100 100
pos/00000744_004.jpg 1 0 0 100 100
pos/00001900_027.jpg 1 0 0 100 100
pos/00001974_005.jpg 1 0 0 100 100
pos/00002492_003.jpg 1 0 0 100 100
pos/00001170_029.jpg 1 0 0 100 100
pos/00002371_015.jpg 1 0 0 100 100
pos/00000832_004.jpg 1 0 0 100 100
pos/00001170_030.jpg 1 0 0 100 100
pos/00002059_001.jpg 1 0 0 100 100
pos/00003062_002.jpg 1 0 0 100 100
pos/00001894_003.jpg 1 0 0 100 100
pos/00003028_074.jpg 1 0 0 100 100
pos/00001029_002.jpg 1 0 0 100 100
pos/00001756_016.jpg 1 0 0 100 100
pos/00001724_002.jpg 1 0 0 100 100
pos/00001724_010.jpg 1 0 0 100 100
pos/00002046_003.jpg 1 0 0 100 100
pos/00003101_005.jpg 1 0 0 100 100
pos/00002251_005.jpg 1 0 0 100 100
pos/00002685_002.jpg 1 0 0 100 100
pos/00002201_002.jpg 1 0 0 100 100
pos/00002371_016.jpg 1 0 0 100 100
pos/00001170_037.jpg 1 0 0 100 100
pos/00000608_003.jpg 1 0 0 100 100
pos/00000732_002.jpg 1 0 0 100 100
pos/00003468_001.jpg 1 0 0 100 100
pos/00001912_006.jpg 1 0 0 100 100
pos/00003513_005.jpg 1 0 0 100 100
pos/00002146_003.jpg 1 0 0 100 100
pos/00003468_011.jpg 1 0 0 100 100
pos/00001894_002.jpg 1 0 0 100 100
pos/00001364_005.jpg 1 0 0 100 100
pos/00002547_013.jpg 1 0 0 100 100
pos/00000758_002.jpg 1 0 0 100 100
pos/00003468_007.jpg 1 0 0 100 100
pos/00000468_011.jpg 1 0 0 100 100
pos/00001202_004.jpg 1 0 0 100 100
pos/00000103_006.jpg 1 0 0 100 100
pos/00000404_002.jpg 1 0 0 100 100
pos/00002668_005.jpg 1 0 0 100 100
pos/00000372_002.jpg 1 0 0 100 100
pos/00001951_013.jpg 1 0 0 100 100
