pos/00001205_003.jpg 1 0 0 100 100
pos/00017755_002.jpg 1 0 0 100 100
pos/00005195_000.jpg 1 0 0 100 100
pos/00014005_000.jpg 1 0 0 100 100
pos/00003029_005.jpg 1 0 0 100 100
pos/00002089_000.jpg 1 0 0 100 100
pos/00011805_001.jpg 1 0 0 100 100
pos/00002089_001.jpg 1 0 0 100 100
pos/00006713_017.jpg 1 0 0 100 100
pos/00007894_005.jpg 1 0 0 100 100
pos/00011922_000.jpg 1 0 0 100 100
pos/00009984_006.jpg 1 0 0 100 100
pos/00000284_000.jpg 1 0 0 100 100
pos/00013679_001.jpg 1 0 0 100 100
pos/00006713_013.jpg 1 0 0 100 100
pos/00008994_000.jpg 1 0 0 100 100
pos/00004082_012.jpg 1 0 0 100 100
pos/00005203_000.jpg 1 0 0 100 100
pos/00019850_000.jpg 1 0 0 100 100
pos/00008015_000.jpg 1 0 0 100 100
pos/00000284_001.jpg 1 0 0 100 100
pos/00006378_003.jpg 1 0 0 100 100
pos/00012883_001.jpg 1 0 0 100 100
pos/00003029_008.jpg 1 0 0 100 100
pos/00003029_006.jpg 1 0 0 100 100
pos/00000284_002.jpg 1 0 0 100 100
pos/00008447_001.jpg 1 0 0 100 100
pos/00013380_003.jpg 1 0 0 100 100
pos/00013380_013.jpg 1 0 0 100 100
pos/00017136_020.jpg 1 0 0 100 100
pos/00000003_004.jpg 1 0 0 100 100
pos/00000942_001.jpg 1 0 0 100 100
pos/00019059_000.jpg 1 0 0 100 100
pos/00012833_000.jpg 1 0 0 100 100
pos/00013380_000.jpg 1 0 0 100 100
pos/00008694_002.jpg 1 0 0 100 100
pos/00014404_001.jpg 1 0 0 100 100
pos/00022024_006.jpg 1 0 0 100 100
pos/00007352_000.jpg 1 0 0 100 100
pos/00003938_000.jpg 1 0 0 100 100
pos/00018120_000.jpg 1 0 0 100 100
pos/00020915_003.jpg 1 0 0 100 100
pos/00010022_000.jpg 1 0 0 100 100
pos/00018347_000.jpg 1 0 0 100 100
pos/00012609_002.jpg 1 0 0 100 100
pos/00028948_002.jpg 1 0 0 100 100
pos/00029188_001.jpg 1 0 0 100 100
pos/00025599_000.jpg 1 0 0 100 100
pos/00006508_000.jpg 1 0 0 100 100
pos/00005736_003.jpg 1 0 0 100 100
pos/00028948_000.jpg 1 0 0 100 100
pos/00013716_002.jpg 1 0 0 100 100
pos/00000003_002.jpg 1 0 0 100 100
pos/00013278_001.jpg 1 0 0 100 100
pos/00003272_000.jpg 1 0 0 100 100
pos/00020915_000.jpg 1 0 0 100 100
pos/00024601_000.jpg 1 0 0 100 100
pos/00020915_002.jpg 1 0 0 100 100
pos/00020741_000.jpg 1 0 0 100 100
pos/00008694_000.jpg 1 0 0 100 100
pos/00007887_000.jpg 1 0 0 100 100
pos/00021902_000.jpg 1 0 0 100 100
pos/00000942_002.jpg 1 0 0 100 100
pos/00001438_000.jpg 1 0 0 100 100
pos/00021943_000.jpg 1 0 0 100 100
pos/00000003_005.jpg 1 0 0 100 100
pos/00028948_005.jpg 1 0 0 100 100
pos/00021463_010.jpg 1 0 0 100 100
pos/00026751_003.jpg 1 0 0 100 100
pos/00022803_000.jpg 1 0 0 100 100
pos/00007712_002.jpg 1 0 0 100 100
pos/00008694_004.jpg 1 0 0 100 100
pos/00028307_000.jpg 1 0 0 100 100
pos/00000634_000.jpg 1 0 0 100 100
pos/00013380_008.jpg 1 0 0 100 100
pos/00020915_001.jpg 1 0 0 100 100
pos/00027671_000.jpg 1 0 0 100 100
pos/00029425_000.jpg 1 0 0 100 100
pos/00000284_003.jpg 1 0 0 100 100
pos/00019027_001.jpg 1 0 0 100 100
pos/00006868_009.jpg 1 0 0 100 100
pos/00000003_001.jpg 1 0 0 100 100
pos/00021463_009.jpg 1 0 0 100 100
pos/00024466_000.jpg 1 0 0 100 100
pos/00000003_006.jpg 1 0 0 100 100
pos/00003240_000.jpg 1 0 0 100 100
pos/00000003_007.jpg 1 0 0 100 100
pos/00003938_001.jpg 1 0 0 100 100
pos/00021463_001.jpg 1 0 0 100 100
pos/00004269_000.jpg 1 0 0 100 100
pos/00002280_000.jpg 1 0 0 100 100
pos/00027403_000.jpg 1 0 0 100 100
pos/00012053_001.jpg 1 0 0 100 100
pos/00026791_002.jpg 1 0 0 100 100
pos/00000385_001.jpg 1 0 0 100 100
pos/00019059_001.jpg 1 0 0 100 100
pos/00020405_024.jpg 1 0 0 100 100
pos/00006153_001.jpg 1 0 0 100 100
pos/00000111_000.jpg 1 0 0 100 100
pos/00008508_003.jpg 1 0 0 100 100
pos/00013716_000.jpg 1 0 0 100 100
pos/00029817_021.jpg 1 0 0 100 100
pos/00014125_027.jpg 1 0 0 100 100
pos/00003029_007.jpg 1 0 0 100 100
pos/00017202_000.jpg 1 0 0 100 100
pos/00006031_001.jpg 1 0 0 100 100
pos/00024458_001.jpg 1 0 0 100 100
pos/00000003_000.jpg 1 0 0 100 100
pos/00001386_000.jpg 1 0 0 100 100
pos/00013716_001.jpg 1 0 0 100 100
