pos/00004492_001.jpg 1 0 0 100 100
pos/00001901_006.jpg 1 0 0 100 100
pos/00003098_005.jpg 1 0 0 100 100
pos/00003293_000.jpg 1 0 0 100 100
pos/00000489_007.jpg 1 0 0 100 100
pos/00005089_017.jpg 1 0 0 100 100
pos/00007191_019.jpg 1 0 0 100 100
pos/00003041_001.jpg 1 0 0 100 100
pos/00001140_003.jpg 1 0 0 100 100
pos/00001996_003.jpg 1 0 0 100 100
pos/00000894_004.jpg 1 0 0 100 100
pos/00005360_001.jpg 1 0 0 100 100
pos/00001023_003.jpg 1 0 0 100 100
pos/00003072_020.jpg 1 0 0 100 100
pos/00007034_078.jpg 1 0 0 100 100
pos/00007034_077.jpg 1 0 0 100 100
pos/00007187_001.jpg 1 0 0 100 100
pos/00003322_001.jpg 1 0 0 100 100
pos/00000517_006.jpg 1 0 0 100 100
pos/00002081_002.jpg 1 0 0 100 100
pos/00007148_000.jpg 1 0 0 100 100
pos/00000138_006.jpg 1 0 0 100 100
pos/00004001_011.jpg 1 0 0 100 100
pos/00003280_000.jpg 1 0 0 100 100
pos/00005277_001.jpg 1 0 0 100 100
pos/00003337_006.jpg 1 0 0 100 100
pos/00005089_041.jpg 1 0 0 100 100
pos/00006949_003.jpg 1 0 0 100 100
pos/00002275_021.jpg 1 0 0 100 100
pos/00005589_000.jpg 1 0 0 100 100
pos/00001583_017.jpg 1 0 0 100 100
pos/00006047_002.jpg 1 0 0 100 100
pos/00000533_002.jpg 1 0 0 100 100
pos/00004237_000.jpg 1 0 0 100 100
pos/00003202_000.jpg 1 0 0 100 100
pos/00002844_001.jpg 1 0 0 100 100
pos/00000963_004.jpg 1 0 0 100 100
pos/00004832_003.jpg 1 0 0 100 100
pos/00004854_003.jpg 1 0 0 100 100
pos/00003845_000.jpg 1 0 0 100 100
pos/00001797_000.jpg 1 0 0 100 100
pos/00003046_001.jpg 1 0 0 100 100
pos/00001404_006.jpg 1 0 0 100 100
pos/00002331_003.jpg 1 0 0 100 100
pos/00003413_000.jpg 1 0 0 100 100
pos/00005089_000.jpg 1 0 0 100 100
pos/00002300_010.jpg 1 0 0 100 100
pos/00000376_014.jpg 1 0 0 100 100
pos/00003098_003.jpg 1 0 0 100 100
pos/00002059_011.jpg 1 0 0 100 100
pos/00004001_009.jpg 1 0 0 100 100
pos/00005705_000.jpg 1 0 0 100 100
pos/00001969_000.jpg 1 0 0 100 100
pos/00002840_000.jpg 1 0 0 100 100
pos/00002996_000.jpg 1 0 0 100 100
pos/00004858_061.jpg 1 0 0 100 100
pos/00002650_001.jpg 1 0 0 100 100
pos/00001698_000.jpg 1 0 0 100 100
pos/00000545_001.jpg 1 0 0 100 100
pos/00002239_012.jpg 1 0 0 100 100
pos/00002032_001.jpg 1 0 0 100 100
pos/00005280_002.jpg 1 0 0 100 100
pos/00005589_002.jpg 1 0 0 100 100
pos/00000649_000.jpg 1 0 0 100 100
pos/00006971_000.jpg 1 0 0 100 100
pos/00000246_010.jpg 1 0 0 100 100
pos/00006254_001.jpg 1 0 0 100 100
pos/00001248_006.jpg 1 0 0 100 100
pos/00002840_004.jpg 1 0 0 100 100
pos/00004507_000.jpg 1 0 0 100 100
pos/00003743_004.jpg 1 0 0 100 100
pos/00005751_000.jpg 1 0 0 100 100
pos/00006821_003.jpg 1 0 0 100 100
pos/00005612_007.jpg 1 0 0 100 100
pos/00001114_000.jpg 1 0 0 100 100
pos/00001319_000.jpg 1 0 0 100 100
pos/00000013_003.jpg 1 0 0 100 100
pos/00001517_012.jpg 1 0 0 100 100
pos/00003665_002.jpg 1 0 0 100 100
pos/00004750_000.jpg 1 0 0 100 100
pos/00002524_010.jpg 1 0 0 100 100
pos/00004523_009.jpg 1 0 0 100 100
pos/00006378_002.jpg 1 0 0 100 100
pos/00004891_000.jpg 1 0 0 100 100
pos/00006592_001.jpg 1 0 0 100 100
pos/00003219_006.jpg 1 0 0 100 100
pos/00006019_003.jpg 1 0 0 100 100
pos/00001990_002.jpg 1 0 0 100 100
pos/00002604_000.jpg 1 0 0 100 100
pos/00005927_012.jpg 1 0 0 100 100
pos/00002826_000.jpg 1 0 0 100 100
pos/00005919_002.jpg 1 0 0 100 100
pos/00005650_000.jpg 1 0 0 100 100
pos/00002805_000.jpg 1 0 0 100 100
pos/00007234_000.jpg 1 0 0 100 100
pos/00003230_002.jpg 1 0 0 100 100
pos/00003981_003.jpg 1 0 0 100 100
pos/00002003_005.jpg 1 0 0 100 100
pos/00003534_023.jpg 1 0 0 100 100
pos/00003322_000.jpg 1 0 0 100 100
pos/00001826_000.jpg 1 0 0 100 100
pos/00002395_013.jpg 1 0 0 100 100
pos/00003322_003.jpg 1 0 0 100 100
pos/00000457_001.jpg 1 0 0 100 100
pos/00004976_001.jpg 1 0 0 100 100
pos/00000165_006.jpg 1 0 0 100 100
pos/00002861_000.jpg 1 0 0 100 100
pos/00004256_000.jpg 1 0 0 100 100
pos/00000820_023.jpg 1 0 0 100 100
pos/00007120_004.jpg 1 0 0 100 100
pos/00006188_000.jpg 1 0 0 100 100
pos/00003520_000.jpg 1 0 0 100 100
pos/00002444_000.jpg 1 0 0 100 100
pos/00006985_012.jpg 1 0 0 100 100
pos/00005089_027.jpg 1 0 0 100 100
pos/00007138_004.jpg 1 0 0 100 100
pos/00006535_001.jpg 1 0 0 100 100
pos/00004178_001.jpg 1 0 0 100 100
pos/00003901_000.jpg 1 0 0 100 100
pos/00001551_000.jpg 1 0 0 100 100
pos/00005089_009.jpg 1 0 0 100 100
pos/00006334_000.jpg 1 0 0 100 100
pos/00002416_000.jpg 1 0 0 100 100
pos/00000216_000.jpg 1 0 0 100 100
pos/00000280_003.jpg 1 0 0 100 100
pos/00001314_000.jpg 1 0 0 100 100
pos/00001504_012.jpg 1 0 0 100 100
pos/00004480_000.jpg 1 0 0 100 100
pos/00001826_001.jpg 1 0 0 100 100
pos/00000595_000.jpg 1 0 0 100 100
pos/00000533_005.jpg 1 0 0 100 100
pos/00006099_002.jpg 1 0 0 100 100
pos/00006650_000.jpg 1 0 0 100 100
pos/00006174_000.jpg 1 0 0 100 100
pos/00006906_020.jpg 1 0 0 100 100
pos/00001996_005.jpg 1 0 0 100 100
pos/00002758_000.jpg 1 0 0 100 100
pos/00003678_001.jpg 1 0 0 100 100
pos/00003282_000.jpg 1 0 0 100 100
pos/00001694_001.jpg 1 0 0 100 100
pos/00000165_005.jpg 1 0 0 100 100
pos/00004571_011.jpg 1 0 0 100 100
pos/00003700_002.jpg 1 0 0 100 100
pos/00005612_011.jpg 1 0 0 100 100
pos/00000981_002.jpg 1 0 0 100 100
pos/00000187_000.jpg 1 0 0 100 100
pos/00003177_002.jpg 1 0 0 100 100
pos/00000104_000.jpg 1 0 0 100 100
pos/00000278_001.jpg 1 0 0 100 100
pos/00001894_000.jpg 1 0 0 100 100
pos/00003029_017.jpg 1 0 0 100 100
pos/00005681_005.jpg 1 0 0 100 100
pos/00002606_000.jpg 1 0 0 100 100
pos/00002524_026.jpg 1 0 0 100 100
pos/00005993_007.jpg 1 0 0 100 100
pos/00005682_001.jpg 1 0 0 100 100
pos/00003967_000.jpg 1 0 0 100 100
pos/00001199_007.jpg 1 0 0 100 100
pos/00002395_025.jpg 1 0 0 100 100
pos/00002810_000.jpg 1 0 0 100 100
pos/00006192_004.jpg 1 0 0 100 100
pos/00000478_001.jpg 1 0 0 100 100
pos/00007129_000.jpg 1 0 0 100 100
pos/00002015_006.jpg 1 0 0 100 100
pos/00002081_007.jpg 1 0 0 100 100
pos/00003098_004.jpg 1 0 0 100 100
pos/00002586_001.jpg 1 0 0 100 100
pos/00001297_000.jpg 1 0 0 100 100
pos/00000376_000.jpg 1 0 0 100 100
pos/00001308_000.jpg 1 0 0 100 100
pos/00004402_005.jpg 1 0 0 100 100
pos/00007109_021.jpg 1 0 0 100 100
pos/00003658_008.jpg 1 0 0 100 100
pos/00005089_006.jpg 1 0 0 100 100
pos/00000533_001.jpg 1 0 0 100 100
pos/00000020_000.jpg 1 0 0 100 100
pos/00004547_010.jpg 1 0 0 100 100
pos/00001901_003.jpg 1 0 0 100 100
pos/00004577_006.jpg 1 0 0 100 100
pos/00006769_009.jpg 1 0 0 100 100
pos/00002524_031.jpg 1 0 0 100 100
pos/00000886_000.jpg 1 0 0 100 100
pos/00001455_001.jpg 1 0 0 100 100
pos/00001470_008.jpg 1 0 0 100 100
pos/00000896_000.jpg 1 0 0 100 100
pos/00003643_000.jpg 1 0 0 100 100
pos/00000894_003.jpg 1 0 0 100 100
pos/00004571_017.jpg 1 0 0 100 100
pos/00005528_013.jpg 1 0 0 100 100
pos/00000468_035.jpg 1 0 0 100 100
pos/00001589_000.jpg 1 0 0 100 100
pos/00006099_001.jpg 1 0 0 100 100
pos/00002524_018.jpg 1 0 0 100 100
pos/00000247_000.jpg 1 0 0 100 100
pos/00001504_010.jpg 1 0 0 100 100
pos/00003688_002.jpg 1 0 0 100 100
pos/00005335_002.jpg 1 0 0 100 100
pos/00000639_000.jpg 1 0 0 100 100
pos/00007060_013.jpg 1 0 0 100 100
pos/00004631_000.jpg 1 0 0 100 100
pos/00003912_000.jpg 1 0 0 100 100
pos/00004547_021.jpg 1 0 0 100 100
pos/00000322_000.jpg 1 0 0 100 100
pos/00001833_002.jpg 1 0 0 100 100
pos/00001203_006.jpg 1 0 0 100 100
pos/00000107_001.jpg 1 0 0 100 100
pos/00003879_001.jpg 1 0 0 100 100
pos/00006044_011.jpg 1 0 0 100 100
pos/00000894_001.jpg 1 0 0 100 100
pos/00007030_000.jpg 1 0 0 100 100
pos/00005504_002.jpg 1 0 0 100 100
pos/00002592_005.jpg 1 0 0 100 100
pos/00002729_000.jpg 1 0 0 100 100
pos/00004492_000.jpg 1 0 0 100 100
pos/00004096_001.jpg 1 0 0 100 100
pos/00006905_000.jpg 1 0 0 100 100
pos/00002562_000.jpg 1 0 0 100 100
pos/00005566_011.jpg 1 0 0 100 100
pos/00003046_002.jpg 1 0 0 100 100
pos/00007255_003.jpg 1 0 0 100 100
pos/00006767_001.jpg 1 0 0 100 100
pos/00005433_000.jpg 1 0 0 100 100
pos/00001248_032.jpg 1 0 0 100 100
pos/00005612_010.jpg 1 0 0 100 100
pos/00004858_064.jpg 1 0 0 100 100
pos/00004832_008.jpg 1 0 0 100 100
pos/00002758_002.jpg 1 0 0 100 100
pos/00004858_078.jpg 1 0 0 100 100
pos/00000471_000.jpg 1 0 0 100 100
pos/00004290_000.jpg 1 0 0 100 100
pos/00001664_000.jpg 1 0 0 100 100
pos/00007120_002.jpg 1 0 0 100 100
pos/00003607_000.jpg 1 0 0 100 100
pos/00004186_002.jpg 1 0 0 100 100
pos/00004360_012.jpg 1 0 0 100 100
pos/00006494_000.jpg 1 0 0 100 100
pos/00002835_003.jpg 1 0 0 100 100
pos/00004625_009.jpg 1 0 0 100 100
pos/00006378_000.jpg 1 0 0 100 100
pos/00004875_001.jpg 1 0 0 100 100
pos/00004991_000.jpg 1 0 0 100 100
pos/00006906_019.jpg 1 0 0 100 100
pos/00001527_000.jpg 1 0 0 100 100
pos/00002722_000.jpg 1 0 0 100 100
pos/00002361_000.jpg 1 0 0 100 100
pos/00004735_012.jpg 1 0 0 100 100
pos/00000028_000.jpg 1 0 0 100 100
pos/00006632_000.jpg 1 0 0 100 100
pos/00006859_000.jpg 1 0 0 100 100
pos/00000963_029.jpg 1 0 0 100 100
pos/00001765_000.jpg 1 0 0 100 100
pos/00005133_003.jpg 1 0 0 100 100
pos/00001990_000.jpg 1 0 0 100 100
pos/00006954_001.jpg 1 0 0 100 100
pos/00001917_003.jpg 1 0 0 100 100
pos/00001063_000.jpg 1 0 0 100 100
pos/00005360_000.jpg 1 0 0 100 100
pos/00004625_005.jpg 1 0 0 100 100
pos/00005612_005.jpg 1 0 0 100 100
pos/00002628_003.jpg 1 0 0 100 100
pos/00000907_002.jpg 1 0 0 100 100
pos/00001081_001.jpg 1 0 0 100 100
pos/00006693_000.jpg 1 0 0 100 100
pos/00000013_009.jpg 1 0 0 100 100
pos/00006366_000.jpg 1 0 0 100 100
pos/00002337_009.jpg 1 0 0 100 100
pos/00005277_000.jpg 1 0 0 100 100
pos/00006142_011.jpg 1 0 0 100 100
pos/00005089_019.jpg 1 0 0 100 100
pos/00003528_001.jpg 1 0 0 100 100
pos/00002320_002.jpg 1 0 0 100 100
pos/00002891_001.jpg 1 0 0 100 100
pos/00001247_014.jpg 1 0 0 100 100
pos/00005796_000.jpg 1 0 0 100 100
pos/00003233_004.jpg 1 0 0 100 100
pos/00002015_005.jpg 1 0 0 100 100
pos/00000831_003.jpg 1 0 0 100 100
pos/00002562_001.jpg 1 0 0 100 100
pos/00004857_017.jpg 1 0 0 100 100
pos/00005365_018.jpg 1 0 0 100 100
pos/00006044_000.jpg 1 0 0 100 100
pos/00004383_000.jpg 1 0 0 100 100
pos/00002438_001.jpg 1 0 0 100 100
pos/00001140_002.jpg 1 0 0 100 100
pos/00003413_001.jpg 1 0 0 100 100
pos/00002775_005.jpg 1 0 0 100 100
pos/00006776_000.jpg 1 0 0 100 100
pos/00007031_000.jpg 1 0 0 100 100
pos/00003058_001.jpg 1 0 0 100 100
pos/00001462_001.jpg 1 0 0 100 100
pos/00003273_003.jpg 1 0 0 100 100
pos/00005460_012.jpg 1 0 0 100 100
pos/00002395_027.jpg 1 0 0 100 100
pos/00003880_000.jpg 1 0 0 100 100
pos/00005395_003.jpg 1 0 0 100 100
pos/00003379_000.jpg 1 0 0 100 100
pos/00003665_003.jpg 1 0 0 100 100
pos/00003005_021.jpg 1 0 0 100 100
pos/00000278_010.jpg 1 0 0 100 100
pos/00003005_014.jpg 1 0 0 100 100
pos/00002611_005.jpg 1 0 0 100 100
pos/00000807_000.jpg 1 0 0 100 100
pos/00006044_009.jpg 1 0 0 100 100
pos/00006378_001.jpg 1 0 0 100 100
pos/00002840_003.jpg 1 0 0 100 100
pos/00002123_000.jpg 1 0 0 100 100
pos/00003230_010.jpg 1 0 0 100 100
pos/00001833_001.jpg 1 0 0 100 100
pos/00003322_002.jpg 1 0 0 100 100
pos/00001397_009.jpg 1 0 0 100 100
pos/00001900_033.jpg 1 0 0 100 100
pos/00004735_006.jpg 1 0 0 100 100
pos/00001248_033.jpg 1 0 0 100 100
pos/00001689_013.jpg 1 0 0 100 100
pos/00005343_000.jpg 1 0 0 100 100
pos/00004001_008.jpg 1 0 0 100 100
pos/00004623_004.jpg 1 0 0 100 100
pos/00007208_001.jpg 1 0 0 100 100
pos/00000580_006.jpg 1 0 0 100 100
pos/00006142_010.jpg 1 0 0 100 100
pos/00005043_000.jpg 1 0 0 100 100
pos/00000165_004.jpg 1 0 0 100 100
