pos/00004893_075.jpg 1 0 0 100 100
pos/00000271_004.jpg 1 0 0 100 100
pos/00003395_005.jpg 1 0 0 100 100
pos/00000661_000.jpg 1 0 0 100 100
pos/00004182_000.jpg 1 0 0 100 100
pos/00004452_000.jpg 1 0 0 100 100
pos/00000045_000.jpg 1 0 0 100 100
pos/00003014_000.jpg 1 0 0 100 100
pos/00004725_000.jpg 1 0 0 100 100
pos/00004381_047.jpg 1 0 0 100 100
pos/00004534_000.jpg 1 0 0 100 100
pos/00001385_004.jpg 1 0 0 100 100
pos/00000176_001.jpg 1 0 0 100 100
pos/00005532_007.jpg 1 0 0 100 100
pos/00002084_000.jpg 1 0 0 100 100
pos/00001373_006.jpg 1 0 0 100 100
pos/00000374_000.jpg 1 0 0 100 100
pos/00002435_005.jpg 1 0 0 100 100
pos/00005641_004.jpg 1 0 0 100 100
pos/00002256_013.jpg 1 0 0 100 100
pos/00000211_038.jpg 1 0 0 100 100
pos/00005689_000.jpg 1 0 0 100 100
pos/00002280_002.jpg 1 0 0 100 100
pos/00003610_018.jpg 1 0 0 100 100
pos/00002966_000.jpg 1 0 0 100 100
pos/00004144_000.jpg 1 0 0 100 100
pos/00002435_001.jpg 1 0 0 100 100
pos/00001373_009.jpg 1 0 0 100 100
pos/00003501_001.jpg 1 0 0 100 100
pos/00004843_001.jpg 1 0 0 100 100
pos/00004007_002.jpg 1 0 0 100 100
pos/00000294_000.jpg 1 0 0 100 100
pos/00004533_021.jpg 1 0 0 100 100
pos/00003989_003.jpg 1 0 0 100 100
pos/00004342_055.jpg 1 0 0 100 100
pos/00004893_025.jpg 1 0 0 100 100
pos/00000211_043.jpg 1 0 0 100 100
pos/00004344_038.jpg 1 0 0 100 100
pos/00004554_001.jpg 1 0 0 100 100
pos/00000096_000.jpg 1 0 0 100 100
pos/00002434_001.jpg 1 0 0 100 100
pos/00004893_084.jpg 1 0 0 100 100
pos/00001075_045.jpg 1 0 0 100 100
pos/00003989_024.jpg 1 0 0 100 100
pos/00000075_001.jpg 1 0 0 100 100
pos/00005213_000.jpg 1 0 0 100 100
pos/00002256_016.jpg 1 0 0 100 100
pos/00005266_001.jpg 1 0 0 100 100
pos/00004857_000.jpg 1 0 0 100 100
pos/00004728_001.jpg 1 0 0 100 100
pos/00000330_000.jpg 1 0 0 100 100
pos/00001868_000.jpg 1 0 0 100 100
pos/00000001_000.jpg 1 0 0 100 100
pos/00004342_023.jpg 1 0 0 100 100
pos/00004461_000.jpg 1 0 0 100 100
pos/00003180_000.jpg 1 0 0 100 100
pos/00004794_000.jpg 1 0 0 100 100
pos/00002059_002.jpg 1 0 0 100 100
pos/00004342_013.jpg 1 0 0 100 100
pos/00003567_000.jpg 1 0 0 100 100
pos/00004534_005.jpg 1 0 0 100 100
pos/00002256_012.jpg 1 0 0 100 100
pos/00004342_036.jpg 1 0 0 100 100
pos/00000377_004.jpg 1 0 0 100 100
pos/00000240_000.jpg 1 0 0 100 100
pos/00000032_053.jpg 1 0 0 100 100
pos/00004556_001.jpg 1 0 0 100 100
pos/00002435_009.jpg 1 0 0 100 100
pos/00005038_000.jpg 1 0 0 100 100
pos/00005066_007.jpg 1 0 0 100 100
pos/00005401_000.jpg 1 0 0 100 100
pos/00004534_003.jpg 1 0 0 100 100
pos/00001249_009.jpg 1 0 0 100 100
pos/00004857_013.jpg 1 0 0 100 100
pos/00004606_000.jpg 1 0 0 100 100
pos/00002497_001.jpg 1 0 0 100 100
pos/00002806_005.jpg 1 0 0 100 100
pos/00003598_002.jpg 1 0 0 100 100
pos/00000211_002.jpg 1 0 0 100 100
pos/00004315_000.jpg 1 0 0 100 100
pos/00002434_000.jpg 1 0 0 100 100
pos/00003361_006.jpg 1 0 0 100 100
pos/00004363_000.jpg 1 0 0 100 100
pos/00002506_000.jpg 1 0 0 100 100
pos/00005434_004.jpg 1 0 0 100 100
pos/00003989_021.jpg 1 0 0 100 100
pos/00002435_000.jpg 1 0 0 100 100
pos/00000814_001.jpg 1 0 0 100 100
pos/00003610_013.jpg 1 0 0 100 100
pos/00003889_000.jpg 1 0 0 100 100
pos/00002280_003.jpg 1 0 0 100 100
pos/00001373_013.jpg 1 0 0 100 100
pos/00000032_000.jpg 1 0 0 100 100
pos/00000948_000.jpg 1 0 0 100 100
pos/00004822_007.jpg 1 0 0 100 100
pos/00004344_007.jpg 1 0 0 100 100
pos/00005066_036.jpg 1 0 0 100 100
pos/00002418_000.jpg 1 0 0 100 100
pos/00001373_012.jpg 1 0 0 100 100
pos/00004857_002.jpg 1 0 0 100 100
pos/00002686_001.jpg 1 0 0 100 100
pos/00002083_000.jpg 1 0 0 100 100
pos/00004381_043.jpg 1 0 0 100 100
pos/00000823_005.jpg 1 0 0 100 100
pos/00002491_006.jpg 1 0 0 100 100
pos/00005641_000.jpg 1 0 0 100 100
pos/00000044_002.jpg 1 0 0 100 100
pos/00000032_056.jpg 1 0 0 100 100
pos/00004526_007.jpg 1 0 0 100 100
pos/00004344_041.jpg 1 0 0 100 100
pos/00000200_001.jpg 1 0 0 100 100
pos/00000131_001.jpg 1 0 0 100 100
pos/00002435_008.jpg 1 0 0 100 100
pos/00001122_016.jpg 1 0 0 100 100
pos/00004007_004.jpg 1 0 0 100 100
pos/00004534_004.jpg 1 0 0 100 100
pos/00004533_017.jpg 1 0 0 100 100
pos/00002932_000.jpg 1 0 0 100 100
pos/00003044_001.jpg 1 0 0 100 100
pos/00000069_000.jpg 1 0 0 100 100
pos/00001157_001.jpg 1 0 0 100 100
pos/00004526_008.jpg 1 0 0 100 100
pos/00000897_001.jpg 1 0 0 100 100
pos/00000787_002.jpg 1 0 0 100 100
pos/00005516_000.jpg 1 0 0 100 100
pos/00003914_004.jpg 1 0 0 100 100
pos/00002541_000.jpg 1 0 0 100 100
pos/00005566_008.jpg 1 0 0 100 100
pos/00002968_000.jpg 1 0 0 100 100
pos/00003091_000.jpg 1 0 0 100 100
pos/00004893_073.jpg 1 0 0 100 100
pos/00003163_001.jpg 1 0 0 100 100
pos/00005641_005.jpg 1 0 0 100 100
pos/00005035_001.jpg 1 0 0 100 100
pos/00004251_000.jpg 1 0 0 100 100
pos/00005035_004.jpg 1 0 0 100 100
pos/00004291_000.jpg 1 0 0 100 100
pos/00001086_000.jpg 1 0 0 100 100
pos/00005064_013.jpg 1 0 0 100 100
pos/00001784_000.jpg 1 0 0 100 100
pos/00002704_029.jpg 1 0 0 100 100
pos/00001959_000.jpg 1 0 0 100 100
pos/00004809_008.jpg 1 0 0 100 100
pos/00000837_000.jpg 1 0 0 100 100
pos/00000448_000.jpg 1 0 0 100 100
pos/00003229_000.jpg 1 0 0 100 100
pos/00005255_000.jpg 1 0 0 100 100
pos/00003410_000.jpg 1 0 0 100 100
pos/00004511_000.jpg 1 0 0 100 100
pos/00005532_000.jpg 1 0 0 100 100
pos/00000013_045.jpg 1 0 0 100 100
pos/00005066_008.jpg 1 0 0 100 100
pos/00005066_048.jpg 1 0 0 100 100
pos/00000864_000.jpg 1 0 0 100 100
pos/00004291_002.jpg 1 0 0 100 100
pos/00004599_000.jpg 1 0 0 100 100
pos/00002435_010.jpg 1 0 0 100 100
pos/00004755_009.jpg 1 0 0 100 100
pos/00004533_018.jpg 1 0 0 100 100
pos/00003015_000.jpg 1 0 0 100 100
pos/00000032_029.jpg 1 0 0 100 100
pos/00000683_002.jpg 1 0 0 100 100
pos/00004533_011.jpg 1 0 0 100 100
pos/00003552_000.jpg 1 0 0 100 100
pos/00003483_000.jpg 1 0 0 100 100
pos/00004381_028.jpg 1 0 0 100 100
pos/00005543_000.jpg 1 0 0 100 100
pos/00005064_012.jpg 1 0 0 100 100
pos/00003817_000.jpg 1 0 0 100 100
pos/00003610_023.jpg 1 0 0 100 100
pos/00004746_004.jpg 1 0 0 100 100
pos/00004344_043.jpg 1 0 0 100 100
pos/00000155_000.jpg 1 0 0 100 100
pos/00005532_001.jpg 1 0 0 100 100
pos/00000116_016.jpg 1 0 0 100 100
pos/00005090_000.jpg 1 0 0 100 100
pos/00004822_042.jpg 1 0 0 100 100
pos/00004893_063.jpg 1 0 0 100 100
pos/00004533_012.jpg 1 0 0 100 100
pos/00004533_009.jpg 1 0 0 100 100
pos/00004006_068.jpg 1 0 0 100 100
pos/00004342_007.jpg 1 0 0 100 100
pos/00000398_006.jpg 1 0 0 100 100
pos/00000032_055.jpg 1 0 0 100 100
pos/00005426_000.jpg 1 0 0 100 100
pos/00000287_000.jpg 1 0 0 100 100
pos/00001075_038.jpg 1 0 0 100 100
pos/00000211_001.jpg 1 0 0 100 100
pos/00004342_015.jpg 1 0 0 100 100
pos/00005538_002.jpg 1 0 0 100 100
pos/00004843_003.jpg 1 0 0 100 100
pos/00004526_002.jpg 1 0 0 100 100
pos/00005641_001.jpg 1 0 0 100 100
pos/00004630_000.jpg 1 0 0 100 100
pos/00003895_005.jpg 1 0 0 100 100
pos/00003283_000.jpg 1 0 0 100 100
pos/00004381_027.jpg 1 0 0 100 100
pos/00005425_000.jpg 1 0 0 100 100
pos/00003665_010.jpg 1 0 0 100 100
pos/00004344_040.jpg 1 0 0 100 100
pos/00000032_021.jpg 1 0 0 100 100
pos/00000498_003.jpg 1 0 0 100 100
pos/00005666_004.jpg 1 0 0 100 100
pos/00003088_000.jpg 1 0 0 100 100
pos/00005610_000.jpg 1 0 0 100 100
pos/00004534_001.jpg 1 0 0 100 100
pos/00004342_020.jpg 1 0 0 100 100
pos/00004381_011.jpg 1 0 0 100 100
pos/00003744_000.jpg 1 0 0 100 100
pos/00003394_006.jpg 1 0 0 100 100
pos/00005062_000.jpg 1 0 0 100 100
pos/00003973_004.jpg 1 0 0 100 100
pos/00004893_006.jpg 1 0 0 100 100
pos/00003583_000.jpg 1 0 0 100 100
pos/00000075_000.jpg 1 0 0 100 100
pos/00003501_003.jpg 1 0 0 100 100
pos/00005066_063.jpg 1 0 0 100 100
pos/00004381_037.jpg 1 0 0 100 100
pos/00004857_011.jpg 1 0 0 100 100
pos/00003989_015.jpg 1 0 0 100 100
pos/00001249_010.jpg 1 0 0 100 100
pos/00001022_001.jpg 1 0 0 100 100
pos/00004526_012.jpg 1 0 0 100 100
pos/00003209_003.jpg 1 0 0 100 100
pos/00000116_000.jpg 1 0 0 100 100
pos/00002103_001.jpg 1 0 0 100 100
pos/00002742_000.jpg 1 0 0 100 100
pos/00003992_000.jpg 1 0 0 100 100
pos/00000077_000.jpg 1 0 0 100 100
pos/00000211_022.jpg 1 0 0 100 100
pos/00004880_000.jpg 1 0 0 100 100
pos/00000825_003.jpg 1 0 0 100 100
pos/00004893_007.jpg 1 0 0 100 100
pos/00004010_000.jpg 1 0 0 100 100
pos/00001582_012.jpg 1 0 0 100 100
pos/00001268_000.jpg 1 0 0 100 100
pos/00005249_000.jpg 1 0 0 100 100
pos/00004479_000.jpg 1 0 0 100 100
pos/00003414_000.jpg 1 0 0 100 100
pos/00005699_004.jpg 1 0 0 100 100
pos/00004630_001.jpg 1 0 0 100 100
pos/00000442_003.jpg 1 0 0 100 100
pos/00004232_001.jpg 1 0 0 100 100
pos/00000377_000.jpg 1 0 0 100 100
pos/00002806_000.jpg 1 0 0 100 100
pos/00001373_022.jpg 1 0 0 100 100
pos/00005035_000.jpg 1 0 0 100 100
pos/00000547_005.jpg 1 0 0 100 100
pos/00004533_010.jpg 1 0 0 100 100
pos/00000038_003.jpg 1 0 0 100 100
pos/00004809_001.jpg 1 0 0 100 100
pos/00003087_001.jpg 1 0 0 100 100
pos/00004847_000.jpg 1 0 0 100 100
pos/00005556_000.jpg 1 0 0 100 100
pos/00002889_000.jpg 1 0 0 100 100
pos/00003552_003.jpg 1 0 0 100 100
pos/00004526_005.jpg 1 0 0 100 100
pos/00005066_065.jpg 1 0 0 100 100
pos/00004822_051.jpg 1 0 0 100 100
pos/00005641_003.jpg 1 0 0 100 100
pos/00004892_000.jpg 1 0 0 100 100
pos/00004526_020.jpg 1 0 0 100 100
pos/00003989_025.jpg 1 0 0 100 100
pos/00003989_010.jpg 1 0 0 100 100
pos/00004381_016.jpg 1 0 0 100 100
pos/00005035_003.jpg 1 0 0 100 100
pos/00003875_008.jpg 1 0 0 100 100
pos/00001373_026.jpg 1 0 0 100 100
pos/00000688_001.jpg 1 0 0 100 100
pos/00000406_000.jpg 1 0 0 100 100
pos/00001369_000.jpg 1 0 0 100 100
pos/00000607_000.jpg 1 0 0 100 100
pos/00003990_000.jpg 1 0 0 100 100
pos/00000578_000.jpg 1 0 0 100 100
pos/00004775_000.jpg 1 0 0 100 100
pos/00004843_000.jpg 1 0 0 100 100
pos/00002743_006.jpg 1 0 0 100 100
pos/00003989_022.jpg 1 0 0 100 100
pos/00000728_000.jpg 1 0 0 100 100
pos/00000845_000.jpg 1 0 0 100 100
pos/00004381_041.jpg 1 0 0 100 100
pos/00004381_001.jpg 1 0 0 100 100
pos/00000338_000.jpg 1 0 0 100 100
pos/00001831_000.jpg 1 0 0 100 100
pos/00002798_003.jpg 1 0 0 100 100
pos/00004342_030.jpg 1 0 0 100 100
pos/00003610_012.jpg 1 0 0 100 100
pos/00000008_000.jpg 1 0 0 100 100
pos/00004344_046.jpg 1 0 0 100 100
pos/00005066_002.jpg 1 0 0 100 100
pos/00003973_002.jpg 1 0 0 100 100
pos/00004381_044.jpg 1 0 0 100 100
pos/00004006_037.jpg 1 0 0 100 100
pos/00004630_002.jpg 1 0 0 100 100
pos/00003087_000.jpg 1 0 0 100 100
pos/00004893_082.jpg 1 0 0 100 100
pos/00003350_000.jpg 1 0 0 100 100
pos/00001373_001.jpg 1 0 0 100 100
pos/00003610_015.jpg 1 0 0 100 100
pos/00000512_002.jpg 1 0 0 100 100
pos/00005270_007.jpg 1 0 0 100 100
pos/00004824_011.jpg 1 0 0 100 100
pos/00004381_049.jpg 1 0 0 100 100
pos/00004526_016.jpg 1 0 0 100 100
pos/00004344_000.jpg 1 0 0 100 100
pos/00001373_021.jpg 1 0 0 100 100
pos/00000761_006.jpg 1 0 0 100 100
pos/00002038_001.jpg 1 0 0 100 100
pos/00000233_000.jpg 1 0 0 100 100
pos/00002604_001.jpg 1 0 0 100 100
pos/00005532_031.jpg 1 0 0 100 100
pos/00004533_002.jpg 1 0 0 100 100
pos/00000272_000.jpg 1 0 0 100 100
pos/00003700_001.jpg 1 0 0 100 100
pos/00004822_010.jpg 1 0 0 100 100
pos/00000211_000.jpg 1 0 0 100 100
pos/00001355_005.jpg 1 0 0 100 100
pos/00004344_013.jpg 1 0 0 100 100
pos/00004954_000.jpg 1 0 0 100 100
pos/00002262_003.jpg 1 0 0 100 100
pos/00004003_000.jpg 1 0 0 100 100
pos/00004533_019.jpg 1 0 0 100 100
