pos/00004469_001.jpg 1 0 0 100 100
pos/00008594_006.jpg 1 0 0 100 100
pos/00003669_006.jpg 1 0 0 100 100
pos/00006070_001.jpg 1 0 0 100 100
pos/00000243_001.jpg 1 0 0 100 100
pos/00001555_000.jpg 1 0 0 100 100
pos/00007124_004.jpg 1 0 0 100 100
pos/00006542_001.jpg 1 0 0 100 100
pos/00008978_002.jpg 1 0 0 100 100
pos/00001270_004.jpg 1 0 0 100 100
pos/00001929_000.jpg 1 0 0 100 100
pos/00009132_000.jpg 1 0 0 100 100
pos/00001233_000.jpg 1 0 0 100 100
pos/00005566_003.jpg 1 0 0 100 100
pos/00005757_000.jpg 1 0 0 100 100
pos/00004354_000.jpg 1 0 0 100 100
pos/00002213_001.jpg 1 0 0 100 100
pos/00008911_030.jpg 1 0 0 100 100
pos/00001583_002.jpg 1 0 0 100 100
pos/00003985_000.jpg 1 0 0 100 100
pos/00003860_000.jpg 1 0 0 100 100
pos/00005132_002.jpg 1 0 0 100 100
pos/00002914_000.jpg 1 0 0 100 100
pos/00003434_000.jpg 1 0 0 100 100
pos/00007750_013.jpg 1 0 0 100 100
pos/00008702_000.jpg 1 0 0 100 100
pos/00002417_001.jpg 1 0 0 100 100
pos/00000254_002.jpg 1 0 0 100 100
pos/00008580_000.jpg 1 0 0 100 100
pos/00000254_000.jpg 1 0 0 100 100
pos/00006960_006.jpg 1 0 0 100 100
pos/00006622_001.jpg 1 0 0 100 100
pos/00008468_039.jpg 1 0 0 100 100
pos/00001157_002.jpg 1 0 0 100 100
pos/00000118_000.jpg 1 0 0 100 100
pos/00004257_005.jpg 1 0 0 100 100
pos/00002378_000.jpg 1 0 0 100 100
pos/00001952_006.jpg 1 0 0 100 100
pos/00000732_001.jpg 1 0 0 100 100
pos/00008959_000.jpg 1 0 0 100 100
pos/00007461_000.jpg 1 0 0 100 100
pos/00001206_005.jpg 1 0 0 100 100
pos/00005460_004.jpg 1 0 0 100 100
pos/00002339_005.jpg 1 0 0 100 100
pos/00008594_002.jpg 1 0 0 100 100
pos/00002378_003.jpg 1 0 0 100 100
pos/00001248_021.jpg 1 0 0 100 100
pos/00008760_000.jpg 1 0 0 100 100
pos/00006874_000.jpg 1 0 0 100 100
pos/00008473_003.jpg 1 0 0 100 100
pos/00001047_002.jpg 1 0 0 100 100
pos/00008271_000.jpg 1 0 0 100 100
pos/00005175_006.jpg 1 0 0 100 100
pos/00008468_064.jpg 1 0 0 100 100
pos/00008008_011.jpg 1 0 0 100 100
pos/00006817_001.jpg 1 0 0 100 100
pos/00008866_002.jpg 1 0 0 100 100
pos/00003523_037.jpg 1 0 0 100 100
pos/00000246_006.jpg 1 0 0 100 100
pos/00002066_007.jpg 1 0 0 100 100
pos/00008045_000.jpg 1 0 0 100 100
pos/00008509_001.jpg 1 0 0 100 100
pos/00008468_011.jpg 1 0 0 100 100
pos/00000027_000.jpg 1 0 0 100 100
pos/00005476_002.jpg 1 0 0 100 100
pos/00005993_001.jpg 1 0 0 100 100
pos/00001030_000.jpg 1 0 0 100 100
pos/00007471_001.jpg 1 0 0 100 100
pos/00006713_004.jpg 1 0 0 100 100
pos/00009265_001.jpg 1 0 0 100 100
pos/00000041_005.jpg 1 0 0 100 100
pos/00003005_007.jpg 1 0 0 100 100
pos/00008648_003.jpg 1 0 0 100 100
pos/00001547_003.jpg 1 0 0 100 100
pos/00008291_018.jpg 1 0 0 100 100
pos/00008468_012.jpg 1 0 0 100 100
pos/00002051_002.jpg 1 0 0 100 100
pos/00003523_031.jpg 1 0 0 100 100
pos/00000013_041.jpg 1 0 0 100 100
pos/00002843_008.jpg 1 0 0 100 100
pos/00003614_000.jpg 1 0 0 100 100
pos/00007790_000.jpg 1 0 0 100 100
pos/00007683_006.jpg 1 0 0 100 100
pos/00000360_004.jpg 1 0 0 100 100
pos/00000900_001.jpg 1 0 0 100 100
pos/00005566_002.jpg 1 0 0 100 100
pos/00009355_000.jpg 1 0 0 100 100
pos/00002051_003.jpg 1 0 0 100 100
pos/00002649_013.jpg 1 0 0 100 100
pos/00003776_000.jpg 1 0 0 100 100
pos/00002294_000.jpg 1 0 0 100 100
pos/00005666_006.jpg 1 0 0 100 100
pos/00001833_005.jpg 1 0 0 100 100
pos/00008755_001.jpg 1 0 0 100 100
pos/00001093_000.jpg 1 0 0 100 100
pos/00002702_003.jpg 1 0 0 100 100
pos/00002649_017.jpg 1 0 0 100 100
pos/00006960_009.jpg 1 0 0 100 100
pos/00009485_000.jpg 1 0 0 100 100
pos/00000882_000.jpg 1 0 0 100 100
pos/00008563_002.jpg 1 0 0 100 100
pos/00008468_019.jpg 1 0 0 100 100
pos/00006378_004.jpg 1 0 0 100 100
pos/00005460_003.jpg 1 0 0 100 100
pos/00008468_038.jpg 1 0 0 100 100
pos/00005922_000.jpg 1 0 0 100 100
pos/00002935_000.jpg 1 0 0 100 100
pos/00003803_000.jpg 1 0 0 100 100
pos/00004943_003.jpg 1 0 0 100 100
pos/00000334_004.jpg 1 0 0 100 100
pos/00007618_009.jpg 1 0 0 100 100
pos/00005176_019.jpg 1 0 0 100 100
pos/00000353_000.jpg 1 0 0 100 100
pos/00000340_003.jpg 1 0 0 100 100
pos/00004650_000.jpg 1 0 0 100 100
pos/00000801_000.jpg 1 0 0 100 100
pos/00000360_003.jpg 1 0 0 100 100
pos/00008911_026.jpg 1 0 0 100 100
pos/00007828_003.jpg 1 0 0 100 100
pos/00001944_001.jpg 1 0 0 100 100
pos/00000034_000.jpg 1 0 0 100 100
pos/00001256_005.jpg 1 0 0 100 100
pos/00006333_000.jpg 1 0 0 100 100
pos/00001701_003.jpg 1 0 0 100 100
pos/00005811_001.jpg 1 0 0 100 100
pos/00005874_000.jpg 1 0 0 100 100
pos/00002359_009.jpg 1 0 0 100 100
pos/00007038_001.jpg 1 0 0 100 100
pos/00007586_000.jpg 1 0 0 100 100
pos/00004571_006.jpg 1 0 0 100 100
pos/00008468_035.jpg 1 0 0 100 100
pos/00004587_000.jpg 1 0 0 100 100
pos/00004040_003.jpg 1 0 0 100 100
pos/00009574_014.jpg 1 0 0 100 100
pos/00007793_000.jpg 1 0 0 100 100
pos/00001428_000.jpg 1 0 0 100 100
pos/00008566_002.jpg 1 0 0 100 100
pos/00008755_000.jpg 1 0 0 100 100
pos/00005681_019.jpg 1 0 0 100 100
pos/00002718_001.jpg 1 0 0 100 100
pos/00008911_033.jpg 1 0 0 100 100
pos/00008594_005.jpg 1 0 0 100 100
pos/00005167_000.jpg 1 0 0 100 100
pos/00007962_004.jpg 1 0 0 100 100
pos/00005460_006.jpg 1 0 0 100 100
pos/00008473_002.jpg 1 0 0 100 100
pos/00001199_002.jpg 1 0 0 100 100
pos/00005681_015.jpg 1 0 0 100 100
pos/00001019_002.jpg 1 0 0 100 100
pos/00005348_000.jpg 1 0 0 100 100
pos/00005609_023.jpg 1 0 0 100 100
pos/00000376_002.jpg 1 0 0 100 100
pos/00008499_002.jpg 1 0 0 100 100
pos/00009600_002.jpg 1 0 0 100 100
pos/00001248_026.jpg 1 0 0 100 100
pos/00000165_003.jpg 1 0 0 100 100
pos/00002055_003.jpg 1 0 0 100 100
pos/00000013_042.jpg 1 0 0 100 100
pos/00005113_001.jpg 1 0 0 100 100
pos/00005986_016.jpg 1 0 0 100 100
pos/00000009_000.jpg 1 0 0 100 100
pos/00000073_002.jpg 1 0 0 100 100
pos/00005839_001.jpg 1 0 0 100 100
pos/00000758_001.jpg 1 0 0 100 100
pos/00003219_005.jpg 1 0 0 100 100
pos/00008468_014.jpg 1 0 0 100 100
pos/00008468_034.jpg 1 0 0 100 100
pos/00008468_021.jpg 1 0 0 100 100
pos/00008911_032.jpg 1 0 0 100 100
pos/00000359_002.jpg 1 0 0 100 100
pos/00001555_001.jpg 1 0 0 100 100
pos/00008468_020.jpg 1 0 0 100 100
pos/00002570_002.jpg 1 0 0 100 100
pos/00006604_001.jpg 1 0 0 100 100
pos/00000334_002.jpg 1 0 0 100 100
pos/00002538_000.jpg 1 0 0 100 100
pos/00004317_003.jpg 1 0 0 100 100
pos/00004040_004.jpg 1 0 0 100 100
pos/00007559_001.jpg 1 0 0 100 100
pos/00007305_000.jpg 1 0 0 100 100
pos/00005523_000.jpg 1 0 0 100 100
pos/00008409_000.jpg 1 0 0 100 100
pos/00007046_003.jpg 1 0 0 100 100
pos/00007597_001.jpg 1 0 0 100 100
pos/00000820_030.jpg 1 0 0 100 100
pos/00003523_033.jpg 1 0 0 100 100
pos/00002524_032.jpg 1 0 0 100 100
pos/00003515_001.jpg 1 0 0 100 100
pos/00008563_001.jpg 1 0 0 100 100
pos/00007404_009.jpg 1 0 0 100 100
pos/00000937_001.jpg 1 0 0 100 100
pos/00003523_038.jpg 1 0 0 100 100
pos/00008841_017.jpg 1 0 0 100 100
pos/00006024_010.jpg 1 0 0 100 100
pos/00007618_000.jpg 1 0 0 100 100
pos/00003523_030.jpg 1 0 0 100 100
pos/00004741_001.jpg 1 0 0 100 100
pos/00006673_000.jpg 1 0 0 100 100
pos/00000086_001.jpg 1 0 0 100 100
pos/00007916_007.jpg 1 0 0 100 100
pos/00005666_008.jpg 1 0 0 100 100
pos/00008168_009.jpg 1 0 0 100 100
pos/00005566_001.jpg 1 0 0 100 100
pos/00009214_000.jpg 1 0 0 100 100
pos/00006818_006.jpg 1 0 0 100 100
pos/00000711_011.jpg 1 0 0 100 100
pos/00008468_009.jpg 1 0 0 100 100
pos/00008468_050.jpg 1 0 0 100 100
pos/00004571_007.jpg 1 0 0 100 100
pos/00001555_005.jpg 1 0 0 100 100
pos/00000988_000.jpg 1 0 0 100 100
pos/00008468_037.jpg 1 0 0 100 100
pos/00006874_001.jpg 1 0 0 100 100
pos/00003005_006.jpg 1 0 0 100 100
pos/00002843_007.jpg 1 0 0 100 100
pos/00000719_000.jpg 1 0 0 100 100
pos/00002213_000.jpg 1 0 0 100 100
pos/00008500_000.jpg 1 0 0 100 100
pos/00007597_003.jpg 1 0 0 100 100
pos/00001664_001.jpg 1 0 0 100 100
pos/00000682_002.jpg 1 0 0 100 100
pos/00007667_000.jpg 1 0 0 100 100
pos/00005850_001.jpg 1 0 0 100 100
pos/00008168_000.jpg 1 0 0 100 100
pos/00004935_003.jpg 1 0 0 100 100
pos/00007093_019.jpg 1 0 0 100 100
pos/00008927_000.jpg 1 0 0 100 100
pos/00007342_000.jpg 1 0 0 100 100
pos/00000041_001.jpg 1 0 0 100 100
pos/00008911_028.jpg 1 0 0 100 100
pos/00006325_004.jpg 1 0 0 100 100
pos/00002868_010.jpg 1 0 0 100 100
pos/00008468_042.jpg 1 0 0 100 100
pos/00009272_002.jpg 1 0 0 100 100
pos/00007643_000.jpg 1 0 0 100 100
pos/00004040_002.jpg 1 0 0 100 100
pos/00007707_000.jpg 1 0 0 100 100
pos/00000312_001.jpg 1 0 0 100 100
pos/00008586_000.jpg 1 0 0 100 100
pos/00002158_000.jpg 1 0 0 100 100
pos/00007683_005.jpg 1 0 0 100 100
pos/00009425_003.jpg 1 0 0 100 100
pos/00000937_004.jpg 1 0 0 100 100
pos/00007617_000.jpg 1 0 0 100 100
pos/00008911_031.jpg 1 0 0 100 100
pos/00000296_001.jpg 1 0 0 100 100
pos/00007161_001.jpg 1 0 0 100 100
pos/00008468_047.jpg 1 0 0 100 100
pos/00008468_017.jpg 1 0 0 100 100
pos/00004858_087.jpg 1 0 0 100 100
pos/00000040_001.jpg 1 0 0 100 100
pos/00009449_001.jpg 1 0 0 100 100
pos/00001656_000.jpg 1 0 0 100 100
pos/00002323_000.jpg 1 0 0 100 100
pos/00001833_006.jpg 1 0 0 100 100
pos/00009011_000.jpg 1 0 0 100 100
pos/00004523_006.jpg 1 0 0 100 100
pos/00002312_001.jpg 1 0 0 100 100
pos/00000246_005.jpg 1 0 0 100 100
pos/00007166_001.jpg 1 0 0 100 100
pos/00007569_011.jpg 1 0 0 100 100
pos/00008468_044.jpg 1 0 0 100 100
pos/00000682_001.jpg 1 0 0 100 100
pos/00002041_001.jpg 1 0 0 100 100
pos/00009624_002.jpg 1 0 0 100 100
pos/00004299_000.jpg 1 0 0 100 100
pos/00003122_006.jpg 1 0 0 100 100
pos/00006142_005.jpg 1 0 0 100 100
pos/00008866_001.jpg 1 0 0 100 100
pos/00003122_000.jpg 1 0 0 100 100
pos/00005460_005.jpg 1 0 0 100 100
pos/00002720_011.jpg 1 0 0 100 100
pos/00004458_002.jpg 1 0 0 100 100
pos/00005826_000.jpg 1 0 0 100 100
pos/00005681_010.jpg 1 0 0 100 100
pos/00009079_000.jpg 1 0 0 100 100
pos/00004943_004.jpg 1 0 0 100 100
pos/00003406_006.jpg 1 0 0 100 100
pos/00004741_002.jpg 1 0 0 100 100
pos/00005113_002.jpg 1 0 0 100 100
pos/00008071_000.jpg 1 0 0 100 100
pos/00001753_000.jpg 1 0 0 100 100
pos/00008911_004.jpg 1 0 0 100 100
pos/00008468_018.jpg 1 0 0 100 100
pos/00005454_000.jpg 1 0 0 100 100
pos/00003945_003.jpg 1 0 0 100 100
pos/00007806_004.jpg 1 0 0 100 100
pos/00000381_001.jpg 1 0 0 100 100
pos/00002339_004.jpg 1 0 0 100 100
pos/00002885_001.jpg 1 0 0 100 100
pos/00006138_006.jpg 1 0 0 100 100
pos/00000248_002.jpg 1 0 0 100 100
pos/00002041_000.jpg 1 0 0 100 100
pos/00004440_001.jpg 1 0 0 100 100
pos/00003053_005.jpg 1 0 0 100 100
pos/00008468_006.jpg 1 0 0 100 100
pos/00007012_001.jpg 1 0 0 100 100
pos/00001470_000.jpg 1 0 0 100 100
pos/00005839_004.jpg 1 0 0 100 100
pos/00002955_002.jpg 1 0 0 100 100
pos/00009165_000.jpg 1 0 0 100 100
pos/00008540_001.jpg 1 0 0 100 100
pos/00000289_007.jpg 1 0 0 100 100
pos/00008861_001.jpg 1 0 0 100 100
pos/00003611_003.jpg 1 0 0 100 100
pos/00002673_009.jpg 1 0 0 100 100
pos/00002536_000.jpg 1 0 0 100 100
pos/00003714_000.jpg 1 0 0 100 100
pos/00002337_001.jpg 1 0 0 100 100
pos/00001701_004.jpg 1 0 0 100 100
pos/00003523_032.jpg 1 0 0 100 100
pos/00005740_001.jpg 1 0 0 100 100
pos/00005140_013.jpg 1 0 0 100 100
pos/00002614_003.jpg 1 0 0 100 100
pos/00007962_002.jpg 1 0 0 100 100
pos/00009169_001.jpg 1 0 0 100 100
pos/00002108_003.jpg 1 0 0 100 100
pos/00008468_045.jpg 1 0 0 100 100
pos/00003669_004.jpg 1 0 0 100 100
pos/00008468_013.jpg 1 0 0 100 100
pos/00002464_000.jpg 1 0 0 100 100
pos/00008468_015.jpg 1 0 0 100 100
